0
0
0
1000
0
1000
0
0
0
0
1000
0
0
0
0
0
0
0
303
0
0
0
0
0
0
0
0
0
0
100
0
0
0
0
1000
0
0
0
0
322
0
0
0
0
0
290
0
0
0
0
0
0
0
0
0
1000
0
0
0
0
0
0
0
0
0
0
0
0
0
0
0
0
0
0
0
0
0
0
0
0
0
514
0
0
0
0
0
0
0
0
0
0
0
0
0
0
0
0
0
278
0
0
0
0
0
0
0
0
0
0
0
0
209
0
0
0
0
0
0
0
0
0
0
0
0
0
0
0
1000
0
0
0
0
0
0
0
0
0
1000
0
0
0
0
0
0
0
1000
0
0
0
0
0
0
0
0
11
0
0
0
0
1000
0
1000
0
1000
0
0
0
0
0
0
0
0
0
0
0
0
1000
0
0
0
679
0
0
0
0
430
0
0
0
0
0
261
0
0
1000
0
0
0
0
0
1000
0
0
0
0
0
356
0
0
0
0
0
1000
0
0
0
0
0
0
0
0
0
0
0
0
0
0
0
1000
0
0
0
0
0
0
0
0
0
0
0
0
1000
0
0
0
0
0
0
1000
0
0
0
0
0
0
1000
596
0
0
0
0
0
0
0
1000
0
1000
0
0
0
0
0
0
0
0
0
483
0
0
0
0
0
0
0
0
0
0
0
0
0
0
0
0
0
0
0
1000
1000
0
0
0
0
0
0
0
0
0
0
0
0
0
0
0
0
0
1000
0
192
0
0
0
0
0
0
488
0
0
1000
812
0
0
0
0
0
0
0
0
0
0
0
0
0
0
0
1000
0
0
0
0
1000
0
0
0
326
0
0
0
0
0
0
0
0
262
0
0
0
0
0
1000
409
0
0
0
0
0
0
0
0
0
0
0
0
0
0
0
0
0
0
477
0
0
0
0
0
0
0
0
0
0
0
0
0
0
0
0
0
0
0
0
1000
0
0
0
0
0
0
1000
0
0
0
0
0
0
0
0
0
1000
0
0
0
0
0
0
0
0
0
0
637
0
1000
0
0
443
0
0
0
1000
0
0
1000
0
0
0
1000
1000
0
0
0
0
0
101
1000
0
0
0
0
0
0
1000
0
0
0
1000
0
0
0
0
0
0
0
0
0
0
0
0
683
186
0
0
0
0
0
1000
0
0
1000
0
0
799
0
0
0
361
0
0
0
0
0
0
0
0
1000
0
0
1000
0
0
0
709
0
0
131
0
0
0
0
0
0
825
1000
0
0
0
0
0
0
0
0
0
0
0
0
0
0
356
0
0
1000
0
0
0
0
0
0
0
0
0
0
0
0
0
0
0
0
0
0
0
0
0
0
0
223
0
0
1000
0
0
875
0
0
850
0
0
0
0
0
0
0
0
0
0
0
828
0
0
0
0
0
0
913
0
1000
0
0
0
1000
0
0
0
0
0
1000
0
0
0
1000
0
356
0
0
1000
0
657
0
0
0
0
0
1000
0
0
0
0
0
0
0
0
0
1000
0
1000
0
0
0
468
0
0
0
0
0
0
522
0
0
0
0
0
0
0
322
0
0
0
0
0
0
0
0
0
0
0
0
0
0
0
0
0
0
0
0
0
0
0
0
0
0
1000
1000
0
0
0
0
0
0
0
36
0
27
0
0
0
929
0
0
0
0
0
0
0
483
0
0
0
1000
0
0
0
1000
0
0
0
0
0
0
1000
0
0
0
0
1000
0
0
0
0
0
0
0
1000
907
0
0
0
0
1000
0
460
0
0
0
0
1000
0
0
0
0
1000
0
147
0
0
0
0
0
0
0
0
1000
0
0
0
0
1000
0
0
0
0
0
0
0
0
0
0
0
0
0
0
0
209
0
148
0
220
1000
0
0
0
0
0
0
0
0
0
1000
0
0
125
0
0
0
322
0
0
0
0
0
0
0
0
0
0
284
0
1000
0
0
0
1000
0
0
0
0
0
0
0
0
0
0
0
950
1000
0
0
0
1000
0
1000
28
0
0
0
0
0
0
0
0
0
1000
0
0
0
0
0
0
0
0
0
0
1000
0
0
0
0
0
351
0
0
0
0
0
0
0
0
0
0
125
0
0
0
0
514
0
0
0
0
0
0
0
539
0
451
0
0
0
0
0
0
0
0
0
0
0
0
0
0
0
0
0
0
0
0
1000
0
0
0
0
974
0
0
0
0
0
0
0
1000
0
0
1000
0
0
0
0
0
0
0
0
1000
0
0
0
0
0
0
0
1000
0
125
0
0
861
278
0
0
0
0
1000
0
0
0
0
0
262
0
0
0
0
430
0
0
0
0
0
0
0
0
0
0
0
0
0
1000
0
0
0
0
0
0
1000
626
0
