0
1000
0
0
0
0
0
1000
0
0
0
0
0
0
0
0
0
0
101
0
0
68
1000
1000
0
0
0
0
0
0
0
0
1000
1000
1000
0
1000
0
0
0
0
0
1000
1000
0
0
1000
0
0
0
0
0
0
0
0
547
0
0
0
103
0
1000
0
0
0
0
0
1000
0
1000
1000
0
0
0
0
0
1000
0
0
0
0
0
0
0
0
0
0
0
0
0
0
1000
0
0
0
0
0
0
0
0
0
0
0
0
0
0
1000
0
1000
0
0
316
0
1000
1000
249
0
0
0
0
0
0
0
0
0
0
0
0
0
0
0
0
0
0
408
0
0
0
0
0
0
0
0
0
1000
0
0
0
1000
417
0
0
0
0
0
0
0
0
0
0
1000
0
404
0
0
0
0
899
0
0
0
0
0
435
0
0
0
0
0
0
0
0
0
0
0
218
0
0
332
0
0
0
1000
0
0
0
0
0
0
0
0
0
0
0
0
0
0
0
0
0
0
0
0
0
0
0
0
0
0
0
0
0
0
0
1000
0
0
0
0
333
0
0
0
0
0
620
0
0
0
0
0
0
0
1000
0
0
0
0
0
0
0
0
0
0
0
0
0
0
0
1000
445
0
0
0
0
0
0
0
426
0
1000
0
0
0
0
54
237
1000
0
0
554
0
0
199
0
0
144
0
0
0
95
473
1000
0
1000
1000
0
0
0
0
0
0
0
0
1000
0
0
0
0
0
0
0
67
0
0
1000
0
0
0
246
0
0
0
0
0
0
1000
0
0
0
0
88
0
0
0
0
0
759
0
856
0
0
0
0
0
0
0
562
0
1000
0
0
0
0
0
1000
0
0
0
0
0
0
0
0
0
915
0
0
0
0
0
0
0
0
0
0
0
0
0
1000
0
0
0
0
93
0
0
0
0
0
0
228
0
1000
0
0
0
0
0
287
0
0
0
0
1000
0
0
0
402
0
0
0
0
0
0
0
287
1000
57
0
0
0
1000
0
0
0
0
0
0
0
0
284
0
0
0
0
0
529
0
0
0
0
0
0
1000
0
0
0
0
0
0
0
0
0
0
0
0
1000
1000
189
0
0
0
0
0
0
0
0
0
0
0
1000
1000
0
0
0
0
0
0
0
0
0
0
0
0
0
0
0
0
0
0
0
0
0
0
0
0
0
0
0
0
0
0
0
0
0
0
75
0
0
0
0
0
0
0
1000
0
0
0
0
0
0
0
456
0
0
0
0
0
0
0
0
0
0
0
0
0
0
0
0
0
0
0
0
0
0
0
0
1000
1000
0
0
0
0
0
0
486
0
0
0
0
0
0
0
0
1000
1000
0
0
0
0
0
0
0
0
0
378
0
0
1000
0
0
0
0
0
732
0
0
0
0
0
0
0
0
0
536
1000
392
156
0
0
0
0
0
0
0
0
0
819
545
0
0
0
0
0
0
0
1000
0
0
0
0
0
0
0
0
1000
123
0
0
0
0
1000
568
0
398
1000
0
78
310
0
0
0
242
0
0
0
32
0
1000
0
0
0
0
0
0
0
0
0
0
0
0
0
1000
0
0
0
0
1000
217
0
0
0
0
148
0
0
0
0
0
1000
378
216
0
0
1000
1000
1000
0
1000
627
0
0
0
1000
1000
0
0
0
0
773
0
43
0
0
0
0
0
0
0
0
0
0
0
1000
0
0
0
0
0
0
0
0
1000
0
0
0
0
0
0
0
0
0
0
0
1000
0
0
0
0
313
0
0
0
0
0
0
0
0
1000
0
0
0
0
0
0
1000
263
0
0
0
1000
0
0
0
0
0
656
0
0
0
0
0
0
0
543
0
0
1000
0
76
0
0
0
0
0
113
0
0
0
0
336
0
79
0
899
0
0
0
0
0
0
0
0
0
0
0
0
0
0
0
0
0
1000
50
0
1000
0
0
0
1000
0
0
0
0
0
267
0
0
0
0
0
0
591
0
0
1000
0
0
0
0
0
0
0
0
0
0
0
0
0
200
0
0
0
0
186
540
0
451
0
0
1000
0
0
0
0
0
0
0
370
0
0
0
1000
0
0
0
0
0
0
0
0
0
495
0
0
591
0
0
308
0
0
53
0
0
0
241
0
1000
0
217
0
0
0
0
1000
0
0
0
0
1000
0
0
0
0
58
0
311
1000
0
0
0
144
319
0
0
1000
0
0
0
0
0
0
0
0
0
0
0
0
0
415
768
0
64
349
0
0
0
0
0
0
0
0
0
1000
0
0
0
0
0
0
557
86
0
0
0
0
1000
116
497
0
0
0
0
1000
0
0
0
0
0
0
0
0
0
0
0
0
0
1000
0
0
0
0
1000
0
276
0
0
0
0
