16
3 3
1 2 100
2 3 200
1 3 50
4 4
1 2 100
2 4 200
2 3 250
3 4 100
2 2
1 2 50
2 1 20
4 3
1 2 1
2 3 1
3 4 1
1 1
1 1 1
4 4
1 3 3
3 1 2
4 3 3
3 1 5
2 8
1 2 4
2 1 5
1 2 2
2 1 5
2 1 7
2 1 8
2 1 8
2 1 3
4 5
1 2 3
2 3 7
3 4 4
1 2 4
4 1 4
5 6
1 2 1
2 3 7
3 4 2
4 5 3
4 1 6
3 5 1
5 5
1 2 3
2 3 1
3 4 1
4 5 8
5 4 8
2 8
1 2 5
1 2 1
2 1 2
2 1 1
1 2 6
1 2 5
1 2 1
2 1 8
2 7
1 2 1
2 1 7
2 1 8
1 2 2
2 1 1
1 2 1
2 1 6
4 4
1 2 6
2 3 1
3 4 1
3 2 1
2 4
1 2 8
1 2 4
2 1 4
1 2 8
3 8
1 2 6
2 3 4
2 3 7
2 1 3
2 3 1
1 3 8
2 1 3
2 3 4
3 3
1 2 1
2 3 1
1 3 2