1000 1000
0 0 0 0 0 0 0 0 0 0 0 0 0 0 0 0 0 0 0 0 0 0 0 0 0 0 0 0 0 0 0 0 0 0 0 0 0 0 0 0 0 0 0 0 0 0 0 0 0 0 0 0 0 0 0 0 0 0 0 0 0 0 0 0 0 0 0 0 0 0 0 0 0 0 0 0 0 0 0 0 0 0 0 0 0 0 0 0 0 0 0 0 0 0 0 0 0 0 0 0 0 0 0 0 0 0 0 0 0 0 0 0 0 0 0 0 0 0 0 0 0 0 0 0 0 0 0 0 0 0 0 0 0 0 0 0 0 0 0 0 0 0 0 0 0 0 0 0 0 0 0 0 0 0 0 0 0 0 0 0 0 0 0 0 0 0 0 0 0 0 0 0 0 0 0 0 0 0 0 0 0 0 0 0 0 0 0 0 0 0 0 0 0 0 0 0 0 0 0 0 0 0 0 0 0 0 0 0 0 0 0 0 0 0 0 0 0 0 0 0 0 0 0 0 0 0 0 0 0 0 0 0 0 0 0 0 0 0 0 0 0 0 0 0 0 0 0 0 0 0 0 0 0 0 0 0 0 0 0 0 0 0 0 0 0 0 0 0 0 0 0 0 0 0 0 0 0 0 0 0 0 0 0 0 0 0 0 0 0 0 0 0 0 0 0 0 0 0 0 0 0 0 0 0 0 0 0 0 0 0 0 0 0 0 0 0 0 0 0 0 0 0 0 0 0 0 0 0 0 0 0 0 0 0 0 0 0 0 0 0 0 0 0 0 0 0 0 0 0 0 0 0 0 0 0 0 0 0 0 0 0 0 0 0 0 0 0 0 0 0 0 0 0 0 0 0 0 0 0 0 0 0 0 0 0 0 0 0 0 0 0 0 0 0 0 0 0 0 0 0 0 0 0 0 0 0 0 0 0 0 0 0 0 0 0 0 0 0 0 0 0 0 0 0 0 0 0 0 0 0 0 0 0 0 0 0 0 0 0 0 0 0 0 0 0 0 0 0 0 0 0 0 0 0 0 0 0 0 0 0 0 0 0 0 0 0 0 0 0 0 0 0 0 0 0 0 0 0 0 0 0 0 0 0 0 0 0 0 0 0 0 0 0 0 0 0 0 0 0 0 0 0 0 0 0 0 0 0 0 0 0 0 0 0 0 0 0 0 0 0 0 0 0 0 0 0 0 0 0 0 0 0 0 0 0 0 0 0 0 0 0 0 0 0 0 0 0 0 0 0 0 0 0 0 0 0 0 0 0 0 0 0 0 0 0 0 0 0 0 0 0 0 0 0 0 0 0 0 0 0 0 0 0 0 0 0 0 0 0 0 0 0 0 0 0 0 0 0 0 0 0 0 0 0 0 0 0 0 0 0 0 0 0 0 0 0 0 0 0 0 0 0 0 0 0 0 0 0 0 0 0 0 0 0 0 0 0 0 0 0 0 0 0 0 0 0 0 0 0 0 0 0 0 0 0 0 0 0 0 0 0 0 0 0 0 0 0 0 0 0 0 0 0 0 0 0 0 0 0 0 0 0 0 0 0 0 0 0 0 0 0 0 0 0 0 0 0 0 0 0 0 0 0 0 0 0 0 0 0 0 0 0 0 0 0 0 0 0 0 0 0 0 0 0 0 0 0 0 0 0 0 0 0 0 0 0 0 0 0 0 0 0 0 0 0 0 0 0 0 0 0 0 0 0 0 0 0 0 0 0 0 0 0 0 0 0 0 0 0 0 0 0 0 0 0 0 0 0 0 0 0 0 0 0 0 0 0 0 0 0 0 0 0 0 0 0 0 0 0 0 0 0 0 0 0 0 0 0 0 0 0 0 0 0 0 0 0 0 0 0 0 0 0 0 0 0 0 0 0 0 0 0 0 0 0 0 0 0 0 0 0 0 0 0 0 0 0 0 0 0 0 0 0 0 0 0 0 0 0 0 0 0 0 0 0 0 0 0 0 0 0 0 0 0 0 0 0 0 0 0 0 0 0 0 0 0 0 0 0 0 0 0 0 0 0 0 0 0 0 0 0 0 0 0 0 0 0 0 0 0 0 0 0 0 0 0 0 0 0 0 0 0 0 0 0 0 0 0 0 0 0 0 0 0 0 0 0 0 0 0 0 0 0 0 0 0 0 0 0 0 0 0 0 0 0 0 0 0 0 0 0 0 0 0 0 0 0 0 0 0 0 0 0 0 0 0 0 0 0 0 0 0 0 0 0 0 0 0 0 0 0 0 0 0 0 0 0 0 0 0 
-934214601 -443121374
-940682107 -646754888
-478125851 941983172
951218453 951218453
975748506 975748506
-251509135 660500948
-906 -751
-840883691 -840883691
-575640142 -575640141
-298 -287
-851974292 -417279760
496229073 988903862
-65077626 -65077625
329472796 329472796
501422055 762786175
-96 38
187285651 864006551
-461001319 -461001319
826030840 826030841
-704 -493
-494206309 -494206308
774 814
-753 -116
84355292 84355293
-774 -135
410199847 725607083
-403293408 502969433
124451524 474927597
320078536 692339379
-88 9
189024950 266059021
-523472534 -523472534
719 919
-749452997 -749452997
-298950968 -166620722
110 745
-547207216 -547207215
515 549
-860360356 -860360355
-19 82
-982274387 -540429503
205 837
-68 66
-264921787 151236423
-585 -127
-677381541 -487370589
-28442408 -28442407
-888762514 -888762513
-81 -39
-977609363 -347841150
-942 -927
510805449 843612715
-295846995 -295846995
-609478549 -355346812
-713237536 905599123
-996898504 838474002
-968248340 36330167
-387 -192
-968597704 -968597703
-928444432 -544209024
-604 -369
-416436557 -416436556
611171227 624922940
50099266 50099267
737791217 737791218
-609982048 59686133
156301757 814423631
-154385986 -154385986
-699295684 -192787714
-661623348 -556889458
308800849 308800850
-77273683 -77273682
-694973374 -542614461
374 406
187 295
0 26
-730539729 -278301010
-328 -181
626 728
-35 69
395837661 551452408
-587176501 -532255818
-326503045 -326503044
-356693693 -155154551
205057325 217195491
-838 -616
-461 -241
-962 -752
-578077429 -230928789
733 761
179968859 648903261
104834239 952582374
-967425958 284802037
259796875 855209090
248766394 997028672
871131038 871131039
-705 -408
-620825981 -620825981
151 750
618554291 665836183
-217193738 141678327
-532015374 -496589422
-221867121 996452857
-521705803 -392604389
362 661
268780853 498304442
-26 71
-340138188 145866555
-376857607 332097145
-228842945 -228842945
-858 -397
-121 -111
-906911750 -706918677
293628812 637074204
376044165 491163824
988464416 988464416
260179319 260179320
-82 -55
875320942 875320942
-117593834 764246342
-653158088 -182976350
-673397772 -673397771
3 97
-399693884 -399693884
-848047708 973721391
-976 -434
-552687037 -552687036
-936 -261
570984767 659564600
541049459 541049459
341794305 341794305
-110917523 -110917523
-672991219 -371933980
299447830 299447831
-549366109 -549366108
337768747 337768748
-570900370 -570900369
367746250 367746251
353855332 353855333
-530364502 -530364501
974728446 974728446
28 92
-863107367 236676699
-113303756 910981908
-84 -77
-9 87
-682 -522
-12 58
764030396 846394247
-661264796 -661264795
-517107746 647388297
-85 40
-574406555 322357835
-288390002 -250428508
-772225674 67924465
161 255
101016872 101016872
-412583727 -412583727
718306078 718306079
-765875529 -765875528
233810989 233810990
-267799441 993196844
320409631 619653566
-544121774 523703913
-87 35
568450144 568450145
-693502538 -693502537
588942694 588942695
-997193040 -379500194
367132795 429586925
-843575127 -349234577
677168914 677168915
431566376 662632513
-986 -597
853991672 853991673
-81 -20
-832830274 -832830273
-558326281 -558326281
444983733 444983734
180 729
362806412 926535799
-960276214 -177240273
709954249 709954249
547154417 953941291
-266 -129
801052642 801052642
-539 -193
828148489 982842908
-154520685 -154520685
-425056454 485088346
-63 63
45279545 45279546
364857943 916730535
35245846 355647932
230088733 858572538
-323097108 -323097107
682587612 791870016
-761572829 -761572828
-795521534 -731395914
-669961556 -131532066
-941711560 -434022669
-849746650 -849746650
688 795
-220961240 -220961239
-425522295 -425522294
-345453180 -189705390
-563 -248
-250257087 -250257087
825484917 828108614
906885462 906885462
-909922572 -909922571
-961468721 -718671806
-932 -387
-789521542 -275575733
-29 -1
23 70
443 780
-1000000000 1000000000
-868707411 453448757
-57 3
27 85
-858581982 -858581982
-30 53
-888817466 536437170
872863017 988031600
-947607055 -947607054
816622497 954205758
238302622 238302623
-850 -660
-178011123 105835818
322992825 339660409
-130026001 653749432
-287481012 -287481012
382696727 675524804
-799 -395
146341585 912310269
623 871
-287973801 -287973801
-556951020 -184388871
-321481891 -321481891
-617460996 -120492990
253747354 883549009
333049256 574376831
15110608 15110608
-615476926 -615476926
-351324605 -156615239
655491086 736911659
-273161656 -273161655
235535309 942895982
788057864 952375297
219870954 219870955
557 641
97918868 97918868
-57 40
49618418 49618418
-16 16
-109824924 -109824923
837109380 837109381
-47 -15
214 390
-894784772 -894784771
-865 -476
-991562334 -991562334
540 882
-627264321 156908650
-920447300 -920447300
-602 -477
-714 -103
556239421 868685762
273196304 273196305
-810 -680
721 867
402449186 629472042
-912904474 -912904473
-203890719 215893948
-25 69
728699704 728699705
-198462000 -177280429
695159299 695159300
150352882 991031191
-573825049 -573825048
353791291 353791291
-548 -535
-299 -178
-419760602 411038022
933605275 933605276
257857250 788342316
-68 -40
-768870640 -768870639
24 74
309460691 309460691
-680548521 -680548521
-89 -71
94183822 94183822
-742873108 -742873108
233 461
-697495992 -355120993
-90 53
154 824
150 816
274 996
376758963 376758964
353 561
830 980
788781254 820001849
-595567248 -595567248
-100 -96
-284536069 -284536068
-47081794 466625121
140026273 933485915
205 901
-845 -260
469606857 469606858
781 934
262 384
29495893 996772961
131975600 919924225
519 590
582195068 582195069
-912 -414
635198503 935465048
-919596085 -919596085
99506060 99506061
325554623 733699476
-97 31
-554023498 -554023497
170561523 383480597
-827112875 -283846191
965145381 965145382
-540 -407
-261619619 -175763564
-666614111 -666614111
722098729 995901337
-724397410 235919638
251770083 430329322
113207231 245136810
186 342
137 280
872661630 872661631
196 639
-855237115 -599339104
-762973087 -689797395
226370019 663219782
-974 -618
911234671 911234672
433 740
543 997
-504996698 -280792348
21 35
-885878432 -377372379
465977402 465977402
-481774359 148261087
-637 -398
-432344374 -226216667
275916612 509514897
-791123776 -487372003
287160599 287160600
-143589914 -143589914
-93 8
218044034 355188494
-379233114 -119497904
-950330522 -706129055
-767870463 -159397494
-317418958 -216646344
-18 45
395184593 395184593
34 99
291 367
169055725 746470940
-74 -3
-224003339 -216228125
549593870 573158044
-923 -648
-691684617 -691684616
-652912626 -499166921
-725236 -725236
-757153958 -466128872
-18 17
-360 -152
-601985194 363479186
-38 48
532145000 532145000
709776673 822782146
189 370
110960014 829258322
-300677826 957479831
-808239858 -808239858
-463927164 -9926919
-735848049 -674304057
819952588 819952588
20 23
643876173 643876174
-488 -436
-893 -324
-670655429 -670655428
-191599631 -191599631
-913894643 968133907
249 744
590090663 642232945
-94 8
346199184 346199184
-906288491 808534319
405 485
-598 -483
128328673 817913523
377391709 641524118
-896 -470
-872273765 -544629347
-340432004 -306752059
422705301 422705302
-906 -314
-876097748 -876097748
-728 -202
855369757 940032931
343473572 343473572
-698890678 -282560046
-762074411 472025384
-960556540 -324755936
511560451 511560451
-612 -324
282 948
-97 94
-745025881 -745025881
688 827
-687974043 804981995
244696675 294598173
-43 100
-387421105 -387421104
-888992537 981117961
783097941 966361913
-584306025 -584306025
543 861
752053876 752053876
923694740 923694740
-138707367 -138707366
-774 -753
-123428554 -123428553
-918366948 -818772242
-401762904 -401762903
-365 -365
382996107 382996107
522449892 522449892
-912426468 -66974857
-577234167 -577234167
-789643955 -789643955
-318407674 -318407673
886245569 901950027
493963082 834170858
176 282
-350 -217
398 444
616236609 616236610
-682102341 -159331271
-951838457 -272801172
-236040651 -94869846
780781584 899874321
377103306 544293646
-258569391 -258569390
221916362 359240362
-375632184 935884312
-789619401 -789619401
778511546 778511546
104736681 104736682
-65 -10
592453792 721212422
-438 -340
668005041 718794489
-399761509 947191059
-302916247 -236172833
295832117 295832117
854 981
-624119481 -624119480
69679586 773329529
364997343 364997344
4 65
-689099277 -584364870
-631 -278
-609502751 -526750480
650 885
-527314740 783796124
-802 -792
-624663663 -624663663
-28 25
-740604459 992994517
-467618609 -467618608
-270571024 217886216
-333645517 -170773550
-790294312 -226506376
-956 -412
-133882477 -133882476
-914988153 -434230279
-644 -638
-940 -908
-698117891 -698117890
-416442271 -91190677
257 271
129 523
54 55
-606972036 -606972035
-405214215 -206185994
545689142 602633648
-92 -90
-750 -190
292147059 770770262
-643862699 -643862699
-309087220 -309087219
-29 98
-836013355 46948611
-565818591 -450213038
-879 -382
651244667 829231549
-331882758 746435461
779434948 779434948
21 44
-296283380 377036639
159 734
-939324066 -939324066
-365165280 -344308826
-386970593 -382230592
-777143832 -777143832
197 627
-382575224 -181039978
54632827 54632828
965387568 984227391
386 887
407402672 671115261
738737278 738737278
-219088628 581249924
522677637 522677637
-510906755 -510906754
-63 -4
888160699 888160700
610374824 610374824
-891 -446
522 961
-857767677 -857767677
-28 5
-586112060 -236925325
324633177 324633177
-85431512 -85431511
-798473028 -798473027
12604965 12604966
113632634 113632634
-432478793 -251609833
-766071329 -766071328
-135323992 -135323992
-766940360 -36265769
525747342 525747343
-352621671 -352621671
226135877 603286743
-558441493 -558441492
-748763987 -282423437
164968467 164968467
-938278352 -938278351
-490096737 -433950908
-139458861 -139458861
-173131153 -173131152
-670206598 -113167947
964526570 964526571
160052130 442738278
-901 -502
-942407494 -322339354
-156335218 -48897272
-697928859 761884135
-999132012 407394204
193 849
944703220 944703220
457148833 583172986
-631 -440
-70 -32
-521941059 950109602
-621 -395
-207442785 -207442785
381 542
786768710 786768710
-223837228 -223837227
-909589065 -909589065
-905 -644
-961944853 -961944852
-405316881 -405316881
-82 32
72444671 72444671
-413871781 -413871780
-34 61
-843483558 -843483557
851456959 851456960
148625306 384290193
452665359 466035052
-629 -458
-763062934 -763062934
-890 -691
-476820588 -476820588
-506241609 -506241609
-44 -21
-514742389 -514742388
40 65
596976310 596976311
-362457546 -362457545
428861392 461914050
-492254364 -492254364
-877 -237
179983513 979113835
241441358 453562329
-34354505 153231451
863723562 878553802
570 587
-738985792 -738985791
-741895298 -741895297
-91 1
185654730 185654731
-601520633 -601520633
192295848 233246436
390593187 941251366
713 756
-208394406 -208394405
228614485 228614485
333907060 333907060
28579714 28579715
-823826176 -823826175
318162024 324669060
-915619795 938906246
-571220359 -178448035
-791425686 -634748318
43878056 810946434
-849 -785
880 947
292 786
626990348 948691389
-324175174 -324175174
-202602579 954631342
-762 -304
-15 73
-363340994 -363340993
0 9
-273892027 674211939
-706455844 -706455844
-43 37
-632525963 -632525962
-564151682 -407415036
377813325 377813326
-671 -216
-862493680 -425098179
421502935 858702963
641 961
-968 -945
-628371272 -315909148
-858133837 475118945
423645686 700145079
132 840
-224776709 -224776709
827133759 827133760
-505384138 -505384138
-972 -238
810923045 810923045
-242000362 638759604
-86 71
658276414 658276414
-246040275 748921061
-799220821 -475856842
170406722 170406723
-406383269 -406383269
-77 81
88166068 413522066
580064405 735050345
-927625343 -466772607
-916 -877
664583762 820820559
974107493 974107494
-691559273 824161540
-323726173 -323726173
-162899302 -162899302
-589 -113
328 458
891 994
236 598
284 889
-482844345 -431986051
-999329802 -579302402
-647 -380
921988482 921988483
-44 7
-677338730 -50224669
-888 -359
-773004595 -773004595
-436851460 -186963863
-526165942 -522101092
-748171477 -4588010
-40 0
-397876489 538422613
981630995 981630996
-25 -8
-411 -385
-531556972 -279147741
-627 -505
160726933 454776271
73711710 915616458
28 38
-922237743 -404060997
-355528681 394171572
935941996 935941997
-839654914 -839654913
43 84
29257014 29257015
268972319 642483151
-510605301 -315070582
-612 -428
-365317120 -365317120
-643946634 -643946634
-766345162 18599236
875700785 875700786
-526553855 -526553854
-587205427 926073792
139 207
-594892877 -594892877
-990482083 738532839
-95 -87
104290226 678733598
246320239 246320240
296017609 563566654
295725131 295725131
586 753
-2 37
147389770 963703320
524355222 524355222
635018514 809734068
687 782
1 85
-282171433 -149462570
592 984
344 632
-62 -43
326716439 326716439
-696532125 -361283277
-944 -602
331 785
378 406
130050290 984170630
308 519
-246 -171
-810825783 857681404
-804372554 -804372553
148108887 148108888
-323094329 -323094329
-316590114 389636273
-792914007 -255918118
-659191542 -659191542
485857604 841863546
-870 -586
-10 31
-501233990 -379955318
658424519 873019223
2 68
940904230 940904231
-189025894 -189025894
533750154 533750155
-406 -127
21186003 385785053
-472600459 -472600458
137434610 137434610
-600259938 -600259938
-667012315 -442105806
313412667 313412667
-21 46
484 911
-818816095 -465687756
-228267803 -178779693
-535531411 -535531411
-322504681 -166953903
-706829630 -706829630
-922308000 -922307999
-622 -131
272582823 462681946
258 569
-64 -61
152253558 429268539
-309598296 465705949
-44 -26
423733311 423733311
7 56
-418375679 -353659214
-989400187 -802075918
374591694 374591695
608672198 608672199
19 53
422093526 930551261
147264656 147264657
-387410445 -333691197
-879996298 -879996298
-173387394 846632489
24923961 24923962
364013026 645995900
-82 59
-884750333 -809942349
407 995
139 212
-780538076 -492658914
791580361 791580361
760 810
-736651473 -678569548
711966391 711966391
7270629 169749877
-943258914 -943258913
-84 87
504561387 504561387
105766186 895010467
-934514802 281128221
4 55
344752126 892173623
-466645235 325043350
-827 -268
-137483105 -137483105
402715069 402715069
-886427105 -317443867
707151409 707151409
313921656 834817187
-865895216 -609099915
700194778 700194779
-738419125 -711294085
443 737
-847447287 -477528711
725828398 725828398
837257682 837257682
116 332
37 57
339 901
426 984
718531994 718531995
-507116587 361112298
212 728
-513115530 -513115529
-477682681 -303312237
-28 9
-963953420 -307323488
-696654399 -696654398
-488447689 -488447689
-10 87
634640615 634640616
639330009 962601804
605 978
897810317 897810317
-543547585 -299998280
590278152 609290647
428 961
-207111996 -84933047
588112785 588112786
-798880983 -177967953
-408464527 415986030
-902028790 -880002019
-410145321 -159873292
358953560 561760245
805 854
178922930 224002260
-460 -367
-520997027 632103412
-939095433 -102910123
334 516
-999 -182
116631394 601654165
931517746 931517747
-601889472 -601889471
-752368513 -467873658
-313826034 857713455
575657514 575657514
-403623379 -403623379
-338778198 -338778198
419065463 419065464
317 335
218255342 218255342
463016374 463016374
362947987 362947988
-646893607 916305250
242 886
-434686367 -75739358
140993175 812833143
335343291 335343292
-454937268 92362944
563 627
-642131627 -642131626
-468524372 441327760
-874968512 -580561558
6 38
38074882 38074883
-877217445 -877217445
-746965037 161592279
-764 -318
671345627 874718956
-661364141 -506900646
557849997 557849997
-681083721 -310034550
-117921926 -117921925
56 62
-80 33
849 920
571952155 700403105
467120273 467120273
-240786213 -240786212
-379 -130
-359106419 -232298021
606 761
-431 -381
463645991 463645991
-95 10
-895559734 -556238802
-807 -444
929416276 929416277
-122965276 -122965276
-18 27
-310795440 -191375528
265180217 265180218
-512950282 -512950282
916387984 916387984
-584 -119
-30 53
890949480 890949480
-9 45
-897 -120
-629236704 -323282078
-42 -1
-569875295 459847585
185 290
-669654062 -669654062
132 400
-495 -326
-584218721 -584218720
-426 -131
615 669
238356614 982483071
-19867333 -19867332
284661421 834402902
-91157952 -91157951
-470827187 -470827186
-173678535 -173678535
-110660327 243879919
-840791755 -748067435
-260232100 -260232100
-838958592 -174725665
396171556 396171556
274015219 274015220
-950664023 -950664023
-780449146 -780449146
296737007 296737008
-268438340 -268438339
-795137541 -795137541
-298 -187
510 558
881949575 926818604
429376644 429376644
-408145111 475567211
324843101 324843101
-14 3
-941 -454
375403345 375403346
-278601916 -278601916
109809749 165914902
-664641599 -486954391
47421340 47421340
0 73
784476806 993682275
-924 -344
-476824316 -476824316
-524928869 -524928869
107282235 835567538
336 709
551697764 551697764
-673915625 -228232536
-94828026 -94828026
-31 46
-955 -553
-32 20
-637906288 -637906287
-601808473 -601808473
115348283 912304658
-383884986 -383884986
742060183 971057801
-711704190 -711704190
-585346485 -585346484
-698 -310
-410 -103
268 437
615272708 696309038
200680308 677899867
-351299561 -140287653
395 599
-10 36
244221258 369512333
-230050097 -197477616
118988462 842364120
401922604 901403319
64538086 64538087
-773 -425
281022299 281022300
-5665616 139383725
718 958
116145346 176717041
-741669915 -417774032
153 761
692856522 692856522
-377930857 -377930857
-95 27
-526662951 -526662951
