1000 1000
99 32 100 46 37 59 48 43 28 91 43 58 72 71 34 73 25 61 63 99 92 71 83 10 36 78 82 31 97 89 77 21 5 9 64 100 57 95 26 20 82 85 38 71 70 68 1 44 77 40 29 29 95 44 40 13 87 74 90 22 95 76 4 39 22 67 100 65 10 41 99 20 3 55 78 68 44 23 60 61 17 22 92 10 62 90 23 71 100 4 84 19 15 39 82 75 7 90 21 17 65 4 87 3 84 97 29 62 84 19 64 87 77 77 39 94 33 65 57 52 84 54 33 81 49 55 65 23 92 94 73 98 37 18 87 69 24 16 70 88 45 90 77 70 81 49 57 89 51 95 57 40 11 70 21 23 65 68 86 16 80 17 58 89 3 76 7 80 78 26 39 21 29 39 56 98 30 42 30 93 88 81 77 92 72 45 12 88 62 27 59 44 31 44 78 86 100 86 37 56 98 6 23 88 85 89 78 64 69 65 99 77 90 32 79 56 90 90 52 97 96 67 96 71 53 94 83 83 44 71 87 70 63 23 13 6 68 91 56 9 23 89 45 51 51 63 81 59 62 19 85 89 15 20 39 58 44 69 4 77 99 59 90 38 80 76 2 73 56 81 57 15 78 70 74 61 81 14 59 28 25 53 28 84 97 98 19 55 28 92 98 45 16 6 77 43 36 70 91 42 2 12 64 85 44 9 10 87 9 94 46 94 30 98 9 55 9 39 51 64 85 1 63 99 49 73 59 90 59 16 54 47 62 20 33 24 29 91 94 79 20 48 33 87 73 72 12 36 86 44 46 89 70 17 77 30 22 17 36 8 46 73 6 34 39 54 21 93 75 17 63 45 73 79 61 29 18 70 66 58 18 6 36 59 76 59 7 79 68 88 52 100 36 89 29 27 50 87 17 81 95 73 4 67 10 63 89 37 66 38 37 9 50 62 29 66 50 71 37 11 86 57 33 91 96 4 17 68 12 23 75 92 66 5 58 6 1 43 91 98 6 68 22 15 12 23 29 20 49 45 19 63 96 33 97 28 92 65 4 94 27 94 99 20 37 47 100 89 6 33 47 42 97 96 12 3 18 34 11 18 94 74 95 35 74 98 57 66 5 83 10 5 80 34 22 65 60 56 49 88 25 21 2 95 5 74 44 40 6 80 20 65 12 6 70 82 64 24 40 38 21 72 29 9 98 66 69 45 64 22 30 26 26 65 76 52 88 32 11 85 60 71 36 56 67 55 14 10 77 50 1 25 8 27 4 77 43 11 99 83 44 17 48 36 43 99 85 74 52 2 97 46 12 28 56 18 11 30 100 24 70 17 65 64 1 18 2 23 63 68 17 25 92 44 32 73 92 99 61 76 45 96 78 73 31 11 5 45 18 29 28 99 86 14 16 39 69 75 34 3 58 48 55 40 5 70 46 32 60 27 100 21 92 34 68 80 71 66 27 36 1 77 86 29 90 99 82 96 59 68 70 84 52 88 86 24 90 3 56 69 93 14 47 98 48 14 61 16 1 40 57 55 52 47 11 87 20 99 7 86 8 89 64 49 43 93 62 84 27 85 94 78 79 83 43 31 22 62 25 18 52 48 85 47 48 100 66 61 40 5 82 73 89 37 57 94 100 44 61 14 4 95 50 56 82 40 39 23 98 84 92 13 62 28 16 55 54 25 94 62 60 43 66 63 42 8 80 76 8 48 62 16 96 40 51 37 84 72 91 95 63 24 61 76 81 36 63 86 6 40 36 29 94 11 23 49 61 1 34 59 57 98 85 57 32 69 8 99 1 9 81 55 68 78 83 42 96 57 35 9 70 66 36 85 93 84 39 97 63 25 7 34 26 89 84 37 8 44 48 17 9 86 86 43 37 95 49 40 84 50 43 31 62 58 81 94 79 54 2 5 67 6 75 77 55 45 29 27 8 61 38 37 12 53 35 87 28 46 84 14 6 45 56 88 58 7 87 75 17 1 88 46 53 56 50 41 10 98 42 64 8 70 94 75 8 66 47 43 32 17 71 82 32 87 89 46 67 32 46 83 26 32 78 2 66 93 67 88 39 31 85 61 47 94 75 95 21 49 4 50 67 95 42 77 44 29 8 20 35 36 61 66 69 25 21 62 5 69 29 32 81 22 52 91 52 46 91 87 68 33 10 70 87 10 13 97 32 11 81 54 19 2 43 17 54 99 40 98 15 32 46 92 57 60 34 8 41 12 2 98 16 6 33 21 46 18 5 25 4 70 58 24 75 8 21 14 51 33 75 25 
-632411314 -632411314
-107638480 -59255258
-392931679 -392931678
-688088631 354914760
396347671 465892004
-37953388 382685273
802413966 802413966
-962 -370
-82127637 -82127637
663654603 663654603
-92587219 165577995
511119257 849916505
409355020 465248043
155421011 564648868
462518150 845723034
-973 -317
-910700911 -431389015
242 870
-60 32
570594189 570594190
910105062 946365284
35622564 35622564
-721858177 -388440814
-560 -243
-93 -47
-170945928 -170945927
-426403124 -426403124
544 914
-964167285 -964167285
38 47
320889398 668117031
266377651 266377651
98826159 98826160
224986520 355050998
-204610133 999236689
433 562
327310441 327310442
272635697 666438221
-907739478 -493017580
-62 34
-248009486 -248009485
685514784 685514784
514940443 514940443
-439930572 -169133485
337 625
-47 31
5636407 963346030
705557803 705557803
-631 -556
308963311 308963312
-647122577 -334050638
-877984687 -318078035
-679 -594
-5701932 -5701932
-46532579 -46532578
-239537871 483396293
711809622 717258516
-502 -244
222 423
129778556 941956762
383742928 383742929
493245502 694923245
481 829
-572993888 -347967560
484 619
549494205 549494206
-288418650 -288418649
-971 -809
291 393
-614 -608
-985332205 -985332205
410941200 690877794
177 358
-936032648 -332724070
-499143072 -138827280
-702853836 -677093024
113311128 723421987
-831725307 -831725306
185019620 657116727
-428573600 -394012076
-648346975 -508933215
35 86
-751 -491
97746290 97746291
625140676 625140676
-856673881 -448501775
-913 -697
-463526345 -229116757
-590887004 -477810845
83442048 83442048
223754113 223754114
-480552066 -107454362
-703404164 -455448423
-397449599 -397449598
206885816 753451411
-41 -16
562216468 630266788
608985245 760153152
146844496 658066465
0 29
-231 -218
-493976544 -398653827
-708 -251
360822275 887454850
296519310 296519311
626060607 626060607
-379540155 -379540154
691410297 691410297
189752262 991376466
-225516093 -220988821
-292 -224
237296105 681699819
-100 22
-30 -20
-853497715 -307724829
387705558 387705558
430 925
107234183 107234184
205708230 820990021
573 858
54474601 54474602
206 330
-765625805 -765625804
359343321 359343321
-641 -579
600411899 861328735
269212852 435985549
-44943309 -44943308
-214993231 331150376
-783414457 -783414456
-477698064 -477698064
244648200 244648201
661156853 661156853
-634077188 -246237093
956426609 956426610
-418 -330
337 394
629 943
-386637999 471597012
330012657 330012658
-600049386 -600049385
-716748259 -194885528
-658390673 -601854108
-98 -45
-97 -92
-739174057 -165930351
-482758738 581847071
-631 -179
648088218 648088219
580768280 580768280
103598421 816664159
-907372252 -907372251
-875666217 -378726930
889088152 889088152
317387645 317387646
45 45
297 722
-998641570 -998641569
793716262 900316163
-567 -326
-310103037 452200116
-576130766 -576130766
-566176951 513306667
-97 -20
-680616495 817287619
618 794
404321489 502003573
907874594 907874595
477013246 477013247
-797 -171
772960753 930790052
-18949529 -18949529
62188954 717972761
-407 -194
758 885
-687126563 -372492075
221658884 221658884
-236066603 675755073
-407384434 -407384433
-16949089 -16949088
807317410 807317411
5 74
336875230 802713463
177462643 364241103
-542119773 -164574476
895331477 895331477
-67 45
-679 -102
-772 -247
154 540
202132408 345525447
321108016 321108016
54 78
531 695
-166698554 -143155904
-351143021 498016659
809022957 809022957
-288826507 -136844879
532072874 532072875
207149019 329289142
-152252624 -152252623
-715112749 615199664
960349850 960349850
-589348466 -260012136
-146186099 -146186098
-472 -455
-932581847 -336559711
-8 38
656272434 656272434
-141421896 -141421896
424490930 424490930
-949144638 -687922737
708595170 754839530
-401548516 194919901
-492 -395
-21852808 -21852808
130084660 806352483
-894084244 -648835145
206982468 326877872
-976 -916
206388446 604514076
228364550 308348002
-855804778 -291954514
-181663041 -181663040
-958767394 -340931665
-167647381 -164523330
722 742
588948755 588948755
31509917 31509917
-322753279 856877576
356 946
-860536937 -692010375
564409547 564409547
-338966751 -338966751
386149047 386149047
-941 -204
254624824 990020366
693921751 693921752
663175120 787834243
-902746878 -485641941
-80 -38
-581364512 -581364511
-231403280 409369309
-319097496 -319097495
-621529769 -621529769
99741303 99741304
440058387 536193380
-867150713 -781310363
-797376872 -797376871
-882999223 18270831
442491622 562619694
-835 -609
-809682169 -149898334
-709 -350
188607350 188607350
217178929 223517296
-200912242 361002012
44 100
-739529450 -739529450
-933 -767
434922367 933241096
721057431 721057431
-360696277 -212501063
563 826
637 651
-495364635 921634304
769728300 769728301
-923755417 88187093
-670919422 -549897032
-723187946 -723187945
-725 -651
401 797
-170981186 -170981185
-136107652 -136107652
138145658 138145659
155079022 722002609
496 934
-24 51
-946743819 -946743818
201521987 225582719
148730582 148730583
-825308516 -825308515
-221098853 -221098852
-33 -32
713242902 746294229
626264221 626264221
-925229904 -925229903
-87 -75
-728857230 -360165219
-506988814 -506988814
868576354 868576355
-596016826 -596016826
-467589192 -467589191
-729846964 -729846964
-741037954 -741037953
350171736 350171737
-13466793 -13466792
-687214974 56819130
-142952742 137174134
-85 -45
371 648
-836566637 -836566636
-985 -313
-387778698 -203776827
-98 -81
-370899006 -116337856
530127206 559478819
158780921 158780922
319923978 319923978
792366955 792366955
181 241
-777135002 -350179101
-286698138 -286698137
438374927 438374928
859684764 859684765
-346498820 -346498819
-47579081 817666203
-931475392 -931475392
35 55
-945105216 -886197117
481 572
676 873
-611 -140
66118395 66118395
198 799
27 76
-763214288 -697858747
-915809081 -915809080
-854655755 82370978
-97 84
-356628060 -356628060
617277741 617277741
642499930 891890217
-629898273 -148068045
-874 -123
799576350 851907814
-416017495 -416017494
763748195 763748195
221137682 529491146
261075731 398930558
-797171289 -607396459
239756186 585053278
-566543510 -118256795
859356030 859356031
575161338 791190105
-63785305 291342208
-528 -328
-881886828 -853951957
-886130246 -755508016
-309724716 -309724715
-476033682 951917424
819 859
548039645 732142156
-940 -516
-81 35
-700450535 -644198085
-933987375 -131385431
-695058873 -90244364
354175712 949568316
-868 -219
-626022456 -437122949
648993532 648993532
299632904 754859393
-11 28
125409155 417623843
-771982109 -771982109
-815709063 -815709062
839664384 839664385
429929061 817087825
-1000000000 1000000000
2 44
190918552 190918553
602086834 834057327
-583260943 -583260943
209 609
-399 -390
-358406663 -255370625
-637 -418
241 582
373815642 373815643
-622800302 -622800301
-882156814 -581015016
606805461 884869246
4868973 44835433
-961 -633
189330511 189330511
229 238
-328964495 -227912263
428 995
-46 50
212179410 637738686
964602852 964602852
793694196 793694196
-791972040 -445257256
-915640140 -282599106
963777459 963777460
189 210
996281900 996281901
-52 -3
779681592 779681593
413 474
210539349 429123455
480476820 657478367
-381657829 -208405362
-472784162 -472784161
-156002305 -139036991
378943348 378943349
236713074 236713074
105421847 912979497
-902 -342
-73334675 42032124
717129325 816380851
788003066 912837331
648824089 648824089
836723256 836723256
878615071 878615071
-366652545 -366652544
-672874346 505601974
-524263612 -378870800
467691938 467691938
-403914125 -307348764
-380 -207
242 916
-71 -3
-557205260 -236110761
-294796967 -112989293
-654197320 -294873684
-864476724 939107291
-503360982 -503360981
-653713571 -653713571
-464319910 -146930415
-829383389 -829383389
679383143 679383144
666071074 829946204
-246508039 -246508039
-823 -582
-824561571 -198525151
-411534063 -262656261
-47 66
113122147 862330202
-130584244 405167363
-974125530 -951441956
439685211 439685212
1 46
-849022495 -849022495
-63 -46
-613705646 -613705645
-635305602 935502859
533789692 696579993
-267141334 -267141334
-355322527 26604735
-655 -388
719997759 719997759
668892970 668892971
-716092907 341586798
-444900164 734767195
-669285614 -82469902
-100 -79
-826 -649
-53 -5
-371898655 -95236439
-9 10
-770819040 443899441
-217519998 -217519998
-171486 -171485
376059626 376059626
-935 -884
102747878 660265092
1045725 1045726
-513941688 283526188
95164579 475053420
131206308 131206309
-446504471 -154220561
-416518897 932734158
-928044932 -928044932
-924 -118
204052834 690084378
-988273256 -279563329
517127553 517127554
-630229310 -630229310
179 560
-922 -483
420175934 588387201
-266896854 -204829820
-851 -710
-887641255 -339526349
-51 70
54 70
-695968119 -225932687
-796415743 -796415742
399051637 868694863
-80 -45
222 753
-60410402 87922599
830630790 830630790
-681055562 -436143746
-259631092 873347635
-840 -428
868936150 868936150
-12 83
-424078749 -424078748
-942047498 -410545345
335222929 899642100
65 98
654734374 756563088
-804921409 -670963125
-497 -170
259 267
-207851887 -207851886
877 931
-330153214 -330153213
882 931
-64514025 665319652
132090802 748662222
743382110 743382110
-949339735 378186445
523 738
-847 -605
392580366 769261867
-6 73
-933076417 -933076416
246 506
57 68
-127490392 -127490392
496480764 915217540
558334590 558334590
-392253752 -392253752
-501706661 -501706661
81208788 122915908
5 88
-932278798 912605533
282972054 282972054
152121749 578943310
-849944577 -319950725
-391411289 -391411288
369828612 369828613
-615 -215
-980314893 -511437552
-963410811 -963410810
303 597
-797071013 -797071012
-364003539 -364003539
-820592276 -750799776
-960013888 -635574605
666535939 666535939
-90 38
211516538 211516539
461082505 652363549
-284180138 45246733
831 920
282260453 326137983
105 650
156805611 607867698
377279381 604467467
379 747
-72806659 -72806658
-886383465 -501673484
-96 -65
-241 -148
219 824
-351257948 -351257948
523666070 609010708
721515198 721515198
280667411 280667411
186 770
894 964
380390411 380390411
781870852 781870853
513200526 513200527
-670 -570
-865617348 -865617348
-992674722 -648774951
9 32
-796 -146
-735461381 -499154087
-722117198 850600345
-145758134 -145758134
-574717923 -574717923
-4 89
447055141 447055141
-720713309 -487552062
-94 87
777409646 777409647
290135011 910205645
314 960
520558359 520558360
-964935768 -199377730
-538878421 -538878421
749368763 749368763
-641553818 -314109394
-455 -115
-59036983 -59036983
-584679842 -314120723
11 94
507939225 507939226
-514522181 -381069867
-552820747 -256848498
-43 -29
735540028 735540028
163 823
-81 93
-92 -16
-726286089 640128366
477968781 477968782
200 476
421775439 421775440
-901306457 366650537
247 722
386 653
-854150342 -854150342
387041019 948699692
165356487 165356487
-264015818 511362300
147856726 488698043
903504437 903504437
-884 -722
-874158600 639790036
350 552
-43 38
5954199 759475431
-887 -272
-881217277 693485707
941695390 941695390
-7 68
363102557 480071682
144211797 144211798
-486 -432
569896595 731387246
817 917
-898386941 196631689
-870218808 -870218807
128 930
-694 -219
292535927 395498062
-967295222 -144978952
-872905641 -172622609
-208859865 -208859865
308 808
204 717
-609997404 102231089
-504134383 -504134382
-366079553 307734318
292 748
482564111 482564111
-300186718 -300186717
33 80
-694964375 -694964375
501129991 501129991
-948080613 -613772056
-995 -776
562 742
227507470 227507470
45 95
301179181 890137146
-618938944 -618938944
246264295 382822364
-800 -681
-272385297 -272385297
-274051932 -250003305
-276481291 -210329980
-90 34
255247860 928811105
-887 -887
-734 -173
325069060 699932482
-162031 -162030
595919739 595919739
981630338 981630338
-619162534 -619162534
-60 -45
-693698296 -693698296
962483065 962483066
-715 -221
-5692625 -5692624
451 756
-412510211 -412510211
-683 -674
173120515 946731395
-14307429 -14307428
768677915 854630792
-876909287 -195599095
351766395 475015467
-442603708 -283005807
-62 -50
-767802179 -671208112
-299136284 -299136283
-861858800 -208251580
-402777762 412397929
-97053745 307868718
807467779 807467779
841905479 841905480
637767801 637767802
-418892062 -185843425
-39 -18
0 0
486502746 486502747
40 43
-346699061 -135437735
80 82
407213666 974200392
810647377 810647378
248 291
-97 94
-640284914 -547024132
677145532 893054748
872424983 872424984
167665655 216572727
-640973457 -9583704
693864287 925894748
-989650534 -806668129
-62 51
-925 -872
892189593 892189593
290 373
-656668513 486081805
-458825955 -458825955
-468224360 -231007091
-360 -140
-200412703 739791526
-907003602 -907003602
-297173601 -297173601
-706842043 -617060808
-687013941 -499674123
309334010 309334011
63846250 63846250
-66694157 587206211
-497 -222
73004726 73004726
-414189187 -112524133
-160355816 -160355816
-590071341 619209284
-691157409 -691157408
-798 -544
-153793044 -153793043
-820 -220
331243351 383688902
884853743 884853743
149865141 152923724
-111223106 391444538
-30 92
120 746
398413833 398413834
-573615531 -140550051
-756096002 -188279636
-576167183 44656331
-626428809 -217458682
-75 48
-483288552 -483288551
-775123526 -694593412
400393029 940883894
-485446054 -485446054
-247992450 515773950
-928164012 -928164011
-704560749 -704560749
-226595141 -226595140
882 936
-216773547 816578497
674263327 674263327
-97 16
135209391 260430235
173 592
-802099781 -802099780
-698818122 -691359259
468 641
316 836
-102751751 -102751750
290 360
-97792874 210727797
169756610 169756611
-672722918 -672722917
372 546
122 509
-669662106 532071912
654938817 654938817
-52 -45
-101755062 -101755062
318 456
-859152930 -835143837
-594490774 -594490774
-863 -344
411316020 411316021
591729487 591729487
-904420501 -700294538
112710370 112710370
784150570 784150570
-794168006 -452378129
-520168503 -520168503
775735386 775735386
-41 22
205581725 965380693
20 35
110191450 130622830
70 90
-788749486 52531349
857 983
-289172756 -289172755
-795678243 -663208277
-154553964 -154553964
-482 -406
-882184748 -139724038
539935295 539935295
645138078 645138078
701 865
-533245815 313357258
444 757
-31 0
-13 13
800517103 800517104
125518035 125518035
-241889664 -241889663
51 83
-834574936 -553143692
-242737008 -242737008
-338916166 -297274702
-743 -423
-586 -198
-466 -448
657 918
-78375461 -78375461
-177 -153
-407593236 -407593236
-25 30
898236210 898236211
-888869768 915975325
-363993705 -363993705
725166489 725166490
-949 -274
-819671546 750509978
-569973258 -333513587
489151955 489151956
911396521 981435183
186517804 186517804
333 675
-587 -533
144038885 144038886
-353929562 -140571430
684940444 684940445
-999035295 -713047697
733101649 733101650
-33 96
-432094004 398457643
-823027645 -823027645
389269304 899777977
580 761
-438783766 273808826
423272951 575069013
-642381999 630660872
81 83
-62 -17
-840 -128
-743 -639
-267 -101
632247322 632247322
224353205 343113613
728387532 728387532
573 666
-992914969 -24974063
-519013640 776946941
835909472 846945290
-290481078 -290481077
811803548 993001727
-669 -534
-16237236 -16237235
383522279 430122646
28839943 28839943
-327 -102
223227595 367973456
-7114421 -7114420
-610427870 853358736
-969279981 -628894572
619997677 832301067
-713781718 -713781718
446063766 446063766
-942155934 -504776938
-64 37
191 207
-91348580 -91348579
432215873 459960258
-854 -737
632872488 632872489
160073239 160073240
-836503583 -836503583
-726091686 -726091686
883085419 883085420
-455910489 -455910488
-21 13
-424515946 -424515945
87315361 87315362
-450013648 -208597392
-634167750 -634167750
-16 55
248 679
-80 -14
640995366 640995367
133566791 133566791
799 886
-820927174 -600109258
-713 -669
-45 57
567241439 567241439
-85 47
107 959
-382667092 -272936440
73474844 73474844
-636940731 -636940730
135688087 512351176
-904365292 -904365292
-734610090 -734610090
-868203586 -490794478
61519067 61519068
-661 -455
278388798 278388798
938706204 986194918
-3 0
784 963
192330742 867774619
-591965192 -591965192
416 907
395066008 489753760
-844 -768
349245651 349245651
-981028762 305172187
776175832 776175832
-95 -83
340569593 856725634
968729842 976102226
-90 98
205 776
654256560 654256561
-912 -270
410 545
-839463361 -17810840
-637274574 -637274573
-978 -401
-71790185 255036411
-488 -412
-86 -68
-296493180 344008982
-259 -204
-564696562 -222754986
218776866 782345926
636 813
125159722 125159722
257305211 477754347
109046994 779025256
-583311880 -390482951
-473231262 426989691
883596870 883596871
-135473574 -135473573
748697904 748697905
-420 -182
682290099 682290100
-742 -442
-419696487 -419696487
-191389530 833524952
-197023541 -83108366
-15 13
465 921
-864 -345
-60 88
-70 29
880 906
-832 -695
10193892 10193893
-925438317 -353165215
-609945016 749028853
439 806
-954713574 -824730169
-355307375 -355307374
426 837
934823643 967256325
-82 28
919199660 919199661
587800993 587800993
314 526
-640 -488
-88 45
528719241 528719242
876728430 876728430
146 290
364386171 460114071
-751 -247
105 283
-380 -122
510391830 987331607
498 758
-895 -437
-756329654 -756329653
-100943776 -100943775
-569 -377
-657326542 983453699
-674435028 -383407573
-847055234 -635935952
293054518 451962053
545543701 545543701
409368585 937033190
-148807881 -148807880
-577788194 563518170
8 71
-708484009 -419738296
