1000 1000
96 16 26 -39 64 24 -41 -33 75 -39 -30 56 59 -70 46 -100 -17 36 49 5 -39 -49 -9 -55 -46 78 -48 38 -63 -18 -85 -59 10 -82 7 19 -96 -8 -26 2 80 -38 55 -93 73 -72 -68 61 5 0 42 -43 68 83 11 -69 98 -47 86 -23 -53 -5 96 81 -94 -77 68 -32 -28 43 19 22 8 51 -31 33 92 -86 -61 17 -12 95 -8 31 85 12 69 82 12 -54 49 41 -15 30 68 19 78 92 -45 15 -84 -60 -44 82 -95 92 -40 -36 22 95 48 -61 38 -38 99 -5 -66 -70 51 39 40 55 -2 -35 19 61 35 -2 51 30 -37 -60 30 -72 -92 61 73 -30 54 96 100 -71 -36 -8 63 79 -78 -56 32 -20 85 49 15 -21 -19 49 97 48 74 -14 21 61 48 -39 23 27 -69 49 -32 -79 38 76 -13 92 -39 7 100 68 5 76 77 -65 -44 10 75 74 61 -4 -70 47 -42 65 -55 -57 89 -82 -88 40 97 43 -43 -89 -36 61 16 29 -51 -75 -31 -1 44 77 -50 38 -52 38 -15 -82 71 -8 65 23 -35 32 30 -60 72 10 -33 28 30 -71 64 82 28 -71 -43 -80 -48 70 -34 -1 -36 2 57 -99 -91 -17 -43 99 -14 -23 19 26 78 50 24 -33 96 -55 47 17 41 8 90 -48 15 34 -18 12 96 -5 -73 -78 42 94 88 -66 -4 18 -54 82 13 47 -14 6 -75 -69 -47 -96 13 -7 21 38 -67 -29 76 29 12 -46 49 76 52 -99 -2 -58 0 -69 -97 8 -40 -8 -49 25 51 9 -2 22 -25 69 81 17 97 -50 -65 52 14 52 -98 2 -42 -97 -1 -54 95 22 29 -36 88 -79 83 49 -50 -79 21 33 43 13 41 93 36 9 58 -62 49 -7 93 -39 79 -99 -40 29 -32 -74 30 88 -57 -28 -47 -35 52 9 63 84 63 -79 -90 1 29 29 91 9 -68 75 17 -16 -20 27 48 7 -28 -8 10 -21 -6 -1 26 52 -71 -97 56 36 -53 77 -59 -49 81 83 59 63 -41 51 53 -11 -17 62 11 78 -86 -89 63 24 4 -89 -19 -83 28 48 -57 -29 3 42 -54 6 -13 -37 62 63 49 -66 13 59 -41 -68 -69 3 67 78 -66 9 -52 39 20 6 1 2 -44 32 -87 99 -45 21 -100 86 -66 -91 100 5 -23 -74 -41 30 -61 82 71 -44 45 -59 42 66 -79 -10 38 -17 -72 58 -29 73 -17 47 -16 -67 -22 51 -1 88 39 46 -86 71 81 -30 32 -31 15 41 -90 -89 51 -46 -100 -72 -23 -87 87 92 33 100 -61 41 -54 23 4 -75 60 -91 -100 73 97 -20 34 24 1 41 69 -1 -7 -68 56 22 -80 -82 7 99 -6 -89 -23 68 -55 -64 -93 -43 60 2 88 70 -83 -96 -95 -77 8 -84 -26 37 -88 -45 -74 81 -21 -3 42 56 84 -36 -94 -47 52 -26 79 -22 -72 -74 -48 33 -38 -90 26 70 -43 -18 45 -90 15 60 -78 -22 -45 -57 25 68 62 -55 -63 -18 -63 -66 -59 16 80 -11 23 -28 78 -35 14 70 -99 -6 71 -41 -16 -77 99 -11 68 90 -45 48 -59 -57 -36 30 -47 65 -27 59 89 73 -58 -90 -81 97 50 -19 -28 68 81 23 63 -89 -28 -34 -100 -30 -48 58 -64 -90 -16 -56 -52 19 50 3 1 -12 -82 94 -89 -20 -61 21 19 -20 61 -43 81 -24 36 51 -75 -42 7 22 -53 -6 -57 76 -94 78 -90 20 -3 8 82 -30 -75 20 29 27 18 76 -28 -28 39 -93 -32 91 -91 -7 44 67 -83 18 -23 81 -90 49 -72 -64 43 45 31 -74 42 33 58 62 -5 -11 -17 -8 -49 89 56 61 -77 53 39 59 13 65 -60 40 22 25 71 38 2 -54 -54 39 51 37 80 35 -42 0 -86 -82 -95 46 -32 16 12 100 63 7 -86 26 -63 10 -28 9 21 -44 -25 -72 -54 22 74 69 -95 -47 57 -42 -91 -80 45 43 -5 -35 38 -37 21 -33 23 74 -70 41 57 20 10 -100 -61 55 29 61 65 -74 7 41 -65 -61 -86 64 82 -99 26 -75 80 54 -35 18 -99 -49 3 -50 -25 57 -88 -58 -57 12 37 86 -40 59 97 9 69 -43 76 -15 -46 4 86 73 60 -28 26 -54 -80 -29 77 24 -22 64 -72 2 39 -54 100 -65 57 -47 -5 6 79 41 77 -46 3 -1 47 45 -71 -41 -57 -88 -45 -29 -37 53 -31 12 59 -32 -47 7 -91 65 17 44 14 9 -73 25 42 -57 30 -57 -58 41 -34 -80 -12 -88 99 91 49 79 21 -99 6 -4 75 -1 85 -33 67 -50 -89 55 47 -13 15 -36 -26 -58 -6 29 -9 -25 -77 42 20 7 95 -85 -16 -69 -43 -89 -39 -94 2 40 78 45 -31 81 56 -24 -53 -99 59 -45 73 -91 72 -9 -89 56 -96 -99 64 -90 -88 -87 -48 54 7 91 50 -20 79 99 11 89 45 -51 -97 -18 86 -91 9 -1 3 -32 18 21 -18 -74 -95 36 48 -60 -66 23 
205555415 486675751
-774978575 779118401
-433 -183
-762 -305
938235091 938235092
67860175 785554512
-588477634 -396373827
-465984967 258712688
-442 -242
-354625906 -354625905
-771214572 -771214571
677886830 677886830
151557037 252756441
-817 -223
-675285383 -675285382
401629642 401629643
-498845396 -498845396
-493 -373
49 66
-613000209 -613000208
-427590808 -427590808
77 91
-278942985 244734177
-738312633 355752705
55202643 880470481
-712718336 -339198222
-465156201 -465156201
-748061036 -109411205
893074976 893074976
398 478
-546835172 -546835171
-969141054 -708206687
-240795707 786631073
-891974455 618870560
-256693531 562177235
-749299398 -422632284
-720294176 975239654
-367 -282
-685277438 -277937469
405601997 405601998
537439983 786541301
754073869 874618392
-203265801 298679282
-217833316 643098464
-905 -842
323702955 323702955
-184154240 492674218
-622416156 -102296542
-855345573 -855345572
-304754599 -237642706
466 470
-268627991 -268627991
726938230 726938230
-662 -401
-745776068 -616045163
-15 91
144137204 420739925
874607558 998250616
588829315 588829316
21 39
359 698
-338015132 714095490
-251287683 -228358250
-853 -709
-994491925 -300858512
575 839
-376 -126
-614365576 254781370
-290026090 -290026090
-50242000 426479922
-278199958 550005560
-186220235 -186220234
328510985 912930093
869130595 869130595
-866574014 -362993242
33794765 33794766
-853932079 812933998
332346071 698086841
489930401 787923776
572191750 634902429
67036373 67036374
-556265911 -527511667
-716159641 -716159641
337591546 362845590
-254 -153
-350701283 -350701283
666973686 751749954
-917264723 -711376171
-815 -385
574749360 675441182
431680134 431680135
-8626374 300048593
-866320432 -472040639
216 497
118843872 952379760
397823200 397823200
64785022 64785023
-786258893 -248228081
142693294 861308017
-265 -141
751873115 831881523
-179303483 -179303482
778912590 914260297
931256162 931256163
416966865 416966865
557 807
-280699824 26123020
684025664 684025664
-426232712 881299679
-11349631 -11349631
867641998 943212739
20 77
551725089 551725090
-254723257 672946124
-1000000000 1000000000
-14 35
-837032115 -312781876
892981466 892981466
816858464 816858465
-746077731 -176524799
-233119434 -141618043
424399070 424399071
762101208 762101209
-887008129 -701374017
581 890
454958655 454958655
511 704
-911896899 -911896898
261 321
-857574888 -314743635
-343941613 -343941613
-849057179 -188411673
-805 -506
107539246 843876044
-17 60
-656326304 -194294955
-923284923 -772721285
-885490689 -238208244
-713354910 -713354910
361673894 486611836
217985540 217985541
-500134113 -500134113
-40807090 -40807090
646522134 975831372
-671962798 131339835
-731870950 -731870949
-286753489 -286753488
722837722 722837723
-217940339 935822460
-94 -7
-604999499 -604999498
-723389608 -614882774
-146473412 -146473412
212 698
-109509250 -109509249
265191419 659168262
102180743 102180744
723470303 723470303
400111596 883772617
249 869
-950323923 421997643
-361338402 -361338402
6 78
244734722 997605707
-768 -259
-302036884 -181501160
419781411 419781412
-91 83
357156749 357156749
221731901 606254048
653909335 653909336
322990298 322990298
-992894386 -859699204
-77 11
149592108 149592108
92042464 92042465
578987679 814994335
779050069 779050070
-608883403 -283490815
473 844
66546735 66546736
-741 -416
331513637 617273200
-722850489 -722850489
632410260 632410260
31 71
312850969 312850969
535 685
-32 34
750252949 750252949
-905 -541
789637545 789637546
-963872629 481883834
-959163591 -621502421
-118847724 -118847724
-401214636 -401214636
-711500338 -711500337
-554 -423
112 673
-501440570 -501440569
-343142602 -343142601
212367314 212367314
-761144183 -290098659
-499500639 -407067667
230898149 481282278
561689776 672145246
222545401 222545402
-372122258 -372122258
-617840916 -617840915
-566526432 -566526432
141482176 141482176
165082975 440779536
697743727 712324196
-935548441 -851591954
228419497 324875210
572754623 572754623
-956598515 -567181760
-211344880 -24642478
568619938 944286566
-551294865 -551294865
122246633 571643126
-510 -243
-418234611 -179529839
-992849752 -327382024
-526966569 891560750
275 408
791236417 791236418
453714987 799534916
-283507600 -58068340
0 59
338354012 481872244
443161335 443161335
-855730829 -834807340
-875 -585
485963663 591862695
-41 78
347 752
97259684 945476083
-104436395 -104436395
-460 -297
229715508 490375413
-726014836 -455804261
-980767246 -162091890
-283637058 533433148
-187559797 -187559796
-741546748 -741546748
166732039 861853689
201459641 201459642
-709 -303
466 912
952 969
-948 -547
-849820821 -849820821
-430543183 -430543182
891991749 891991750
-429 -137
-992 -903
755540444 755540444
-633626550 -633626549
-474201030 444346695
-69 20
-353 -292
117113225 656653413
463599417 665772748
-953300093 -953300092
211 234
-586416652 -586416652
535 929
-49 33
-928 -211
-351685362 850008132
477520791 961698006
-120107415 -120107415
-717166205 -178325722
548748725 548748725
-100 -90
8 49
-320448225 489720800
-806 -396
440658965 957929529
-30 77
400909588 471059239
109 675
-8 28
694834546 757018802
606890343 616215486
31 57
-763 -734
638 891
-755017108 -239852895
-75 -57
-73 21
-131564327 472286536
606 794
-686464305 880458998
-356032094 398924490
-863 -108
-328277930 -328277930
-472356238 -472356238
457509798 887600091
-396 -113
474 782
-588767252 -588767252
491544914 491544914
-707534519 960305286
280242449 819561378
177 177
510405271 729840191
313996077 970710425
-939892707 -100017389
449 483
-828108125 -22801933
-99 -87
439252483 439252484
880923871 880923871
-282096968 800628863
545447882 846115818
659566001 659566001
365792372 365792372
-34 17
-463557972 -250443079
242 869
-375578399 -375578399
146690656 288005264
-595753909 -283270206
-569 -415
-533175386 261429286
516382585 518289593
-603888278 -603888277
-861 -736
928 980
-3 12
141423405 141423406
-68912993 -68912993
66575542 66575543
556226862 645715835
430244976 687208948
-73 74
260 398
-100 68
658 855
-915939875 -915939875
-822576537 -822576537
-834205881 -834205880
-479736738 -49194435
121 766
-462851152 -462851152
-69 41
502 636
-86422720 852095763
-776404242 -122240112
742080143 897975511
375159391 506253128
887016580 887016581
341370833 469978897
-271127161 429988853
235 514
-918571316 -673643552
497015658 617322718
963741093 963741094
-803432912 -803432912
-158255767 -104270662
558668977 558668977
757 784
244707981 341791468
-91 88
-959572249 -165712334
-991 -354
586 827
-942 -319
-102065927 -102065927
-693796607 -568093947
692589640 692589641
348817696 348817697
565884696 565884697
753 994
75352090 75352090
-550 -310
-840168809 -654884769
-152608959 779992750
-889380891 -847724175
730248329 730248329
524138745 574162979
-952356753 -285790521
79 100
-449464322 -449464322
395610791 395610791
-497849997 -445026094
803702246 803702247
-113758280 -113758280
-136386506 -97439980
42 82
882611522 882611523
-118499393 869988734
326 952
-336405773 -336405773
133124365 441412024
-211578265 -211578264
722 841
-45 12
819980897 819980897
307799658 479815126
-881944073 -881944072
185 326
-674167593 51011359
-471602794 -471602794
227 565
344764781 696630771
-61 18
-706 -409
-280508619 -280508618
949854144 949854145
233 897
-662409517 -662409516
395118139 662634488
388 575
-100 -42
-919433803 704711113
5 14
-51638246 -51638245
451 707
596 746
-57220050 989588225
283393206 283393207
372797741 372797741
919176959 919176960
490900437 490900437
214988193 214988194
-902180429 -902180428
-917498727 -656165895
-780722107 -780722107
0 50
-216043686 -216043686
-699462573 -699462572
-308442197 -308442197
-910 -353
486336241 598168996
-51 50
189620074 868010220
290814023 290814024
-552832912 -552832912
973734383 973734383
-1000 -893
-545023240 -495197490
-947830463 206647871
-898 -894
-998 -571
137243662 612650408
654 693
507909043 507909044
-484522392 -193582275
808370902 808370903
180185434 620955178
-862505856 -557878344
651884267 651884267
-558 -358
-298756194 -298756193
-25886084 913946322
-207865429 665070815
44 78
-648042933 -648042932
-734521465 -170000412
744345050 744345051
-646 -341
656012893 982546747
968119873 968119873
192 633
-529 -332
102513684 898106110
671 792
-588 -263
-937587388 8229338
-933831176 331680789
-323366827 -323366826
405998578 430655374
564 596
-361689969 -219728937
772078079 772078080
49106599 49106599
567357812 567357812
331849646 331849646
820389665 820389666
355965527 423964958
-742819390 -569851060
381222259 987222216
993673546 993673546
-974928268 -735210477
-978776231 -395311833
138618437 138618437
501487018 728304242
-843407684 -843407684
111 189
-539707166 -104088211
401 434
418343376 418343377
549 897
-738 -476
340971286 340971287
173481698 173481698
819278812 885346809
631750126 864584502
-68487011 -68487011
-974 -843
541 991
753 783
14481938 369410476
847551241 847551242
4 17
-640038172 -640038171
256825818 256825819
-927968179 -535716511
-542667479 -102960881
106118274 106118274
-102158840 -102158839
-870 -644
-193096684 82613675
-564400271 -564400270
503859823 503859824
-370868902 -328334762
-635760321 -213921072
-63133524 -63133524
-287 -128
873412532 873412532
-81 12
-923711865 -501475559
397519374 397519375
602 981
178590286 620803468
454373841 454373842
321670488 511727695
695327484 893857476
-271735018 -271735018
-973643056 -973643055
-403070758 -226974057
14092740 14092740
-968016081 -968016081
105 207
-55931491 -55931490
-684 -269
-126933846 -126933845
342 529
677 729
-88986564 -88986563
-923754232 -923754231
-360513680 -280381625
-435 -119
-872 -107
-464685172 -464685172
-794190336 421867980
-814331128 921296431
-395615873 -220741220
-815347985 -815347985
160977368 679167203
-929316436 -929316436
911 931
269775931 269775931
-48 45
-789794946 -305874420
163711132 163711133
113849536 812743066
-838 -152
-635823170 -215120252
279440566 848747603
-961340487 -567720238
684971132 684971132
-982795866 717220317
-296416010 781093177
-463379809 -246182266
-876174985 -205746924
-379507989 -379507988
-977 -629
-309650750 -309650750
339891864 963465869
-640226256 -640226255
871518950 871518950
167876411 479763238
-88 -8
236 664
-858 -276
-776912249 300563897
240935813 240935813
-837804792 -439833962
-960 -138
-95791700 -95791700
626 960
-66 75
577121174 577121175
-688378651 -688378650
-975 -794
-841669028 -841669027
465805688 904235871
-725282085 -725282084
397631530 397631531
-957 -190
-312486678 -312486678
-34 69
-419088264 722257276
-57 20
-63 -35
-714183071 -528800425
-973808872 -898422639
267 632
401974762 439141901
-405 -377
-928 -487
-781103392 -296512405
-218693565 -149512691
-403 -237
-60 100
-79 29
-816519523 -738563868
68161106 68161107
-115819018 -115819018
294571036 883523840
-712 -709
196 748
752876299 853505354
-208347398 935360328
-857105049 -857105048
600163688 600163688
-856021549 -791368411
-619 -191
738 939
183253660 742392886
-568208530 -568208530
-819 -424
-511106138 68272241
-96 -70
397805822 931050749
-777600937 -261844408
384054122 384054122
423163609 449928656
-442955913 147579927
-91 22
-914 -158
-23 52
-879823002 692068718
58888325 58888325
-68 -53
9 63
-714145713 -714145712
-459731542 -374256513
-558 -284
35 78
-988454326 -144093238
-176517184 -176517184
-770421551 -770421551
31 38
-869 -589
-457535809 850818796
803317263 803317264
-954512465 -947608520
-28355892 -28355891
-951285031 -951285030
888843416 888843417
241 785
73295522 73295522
-375568464 -375568463
-645962657 -645962656
-730547947 -730547947
-570608524 -303586328
102 134
239702113 251690357
-887280323 893724124
900868471 900868471
606 706
-141494417 -141494417
-525979045 -525979045
-196966910 471844310
-75 -34
343389423 343389423
612 701
-167363645 -167363645
-681780847 -148106975
43 69
855763271 855763271
183935434 583535179
644180139 644180140
-724369567 -724369567
933004879 933004879
-304412460 851725350
-14 57
-68 -28
201915287 641082047
-732122610 -732122609
-818742666 893297807
-493787872 654246191
-24049398 430002675
354018879 354018880
-556926088 226247883
-36 84
650594991 650594992
-840422908 -135830111
118637032 118637033
-349552951 813528570
-409739372 932705779
789235287 789235287
917522273 917522273
-266 -106
695 732
-67 81
-602 -218
21 27
-80116886 -80116885
110135903 110135903
467 763
625934932 625934932
471479106 658985116
268 768
122 629
-555654462 -555654461
-971 -771
-636 -484
522 805
-738121595 658201579
860933886 953162437
151209029 393306233
-302977377 -152495725
928176094 928176094
-481 -294
-722209105 -676944456
-817596799 -543297726
-391909962 -391909961
-883027362 160237451
158699047 228110008
162496391 750302015
-394913875 -394913874
261722494 261722494
538792896 538792897
-369617693 -369617692
-793 -676
346527848 346527849
-605869511 -488290597
106503253 106503254
360900899 437628534
-223725718 17125642
-525042464 -525042463
422071848 474541819
515 547
238974018 238974018
-14 46
350045159 577009877
-955656076 -697742789
112 517
-605 -576
-890 -806
-906210170 -906210170
175273803 833135329
-530120637 -530120637
-483123176 538947100
-193221097 -193221097
-586264152 -141729606
514727196 631075149
-791306802 -791306802
793 820
-591 -562
-225194757 681860644
-66 -15
322292974 886569437
-995636835 -737402825
-737880290 -665300583
-514047871 909104334
-286820734 -286820733
-865930970 -865930969
229 995
871148781 871148782
-739 -412
-84 47
-693732836 -230070181
-474347061 -474347061
244403721 244403721
523 799
362 583
-548579405 -449773176
125817770 523406665
-89 21
-435760343 -372757503
475 701
-662249230 7987119
371694421 371694421
-28 -11
252099742 374071210
758600691 899816777
441861231 589643164
-862972684 -862972684
-428551030 -428551029
-56 -36
-367539615 -367539615
-846077492 -626122635
136 626
236764618 652029869
33 99
944803382 944803382
41 52
-85729972 -85729972
-87 93
223041770 824696303
-865826793 -865826793
27790919 27790920
876866210 876866211
-920455587 -584327210
-999 -504
187038899 187038899
191037243 191037244
441025053 441025053
314663598 840414904
713783811 713783812
-97037183 -97037183
123 263
-703512252 -449403004
-448 -128
-292628727 -125344662
-958915724 -480482486
-291292282 861259869
2 9
295 394
-261129555 171636767
-804 -307
-913199605 -913199604
-743037943 -743037942
-385689338 489360690
523998022 723909290
-773830392 -206047289
-732195793 -573985802
-231849594 -231849593
-337 -112
23 72
121483913 121483913
176786213 825760712
-878628274 -195808248
135413550 777104994
130 213
-631 -283
-99 21
790235480 790235481
258 718
-685585118 134668420
353964923 573562650
-938738688 -938738687
-922151582 -786460565
-649513934 -649513933
847 918
-352345415 -352345414
-847607829 -847607829
-489296019 -359042021
870490455 870490455
447631632 447631632
-594848068 -436777799
-567445914 -203981114
786756651 786756651
-76 -37
251280820 251280820
-752682005 -752682004
-673613488 -673613487
-544 -287
-1 30
-97 14
-645 -350
-32 55
596 631
-959 -631
-262828760 823425624
-259770294 -180955684
690 967
369607022 950460192
-908 -232
-473 -461
-70139194 -70139193
-766655734 -270197402
-13 56
-639670635 -639670635
513470423 513470424
-667850965 -529191306
-161093589 73861961
735 900
405994263 405994264
488918131 572386308
341 625
969931893 969931894
270332356 705096101
-830808885 -830808885
430 809
-396491117 -392111262
-4 88
-551 -150
519176968 519176969
-19 97
374884671 419250393
506010956 643117325
16 71
-804319611 -804319611
-700 -384
28 38
456855485 456855486
-833338548 -833338547
360480812 360480813
-98 -47
-814627540 -494668941
-834285896 415329931
-126733130 -126733130
-43 2
-635769754 -635769753
-548582672 -393889830
-99420249 -99420248
-999126717 -667908236
-56439162 106702513
-363407916 -363407915
155786792 347378101
319602654 319602655
-278480843 -278480843
-655897987 86691677
276 473
-764 -247
-53304444 -53304444
-842639825 -520959087
75 85
355 797
38 97
-315052082 611483998
-449 -158
556 836
543904206 657681727
-41 -11
-14 47
553 732
-714 -172
-43070433 584565672
-951957700 -245179339
216 605
-672925941 -605598126
-231523162 -231523161
664 882
-330106471 -274061219
-720 -294
231429439 512794777
428883188 428883189
-263 -207
233321529 233321530
852 920
-878460985 -775125331
-97 -11
-100 51
217 536
-100 -89
-22 46
-458620858 -356510892
-311479079 -311479078
-422575499 -422575498
335194387 376428826
-999771555 -880781050
542141489 804550849
-466 -400
900209651 982449851
892483883 892483884
-548590375 874538365
-885 -749
690198580 690198580
797525348 820754959
-220254902 -220254902
-310054910 -257725615
-332896002 -332896002
-14 95
-17 2
-569 -480
-921513346 -921513346
-738983626 -19847103
573695486 573695486
-77250663 256771575
72 97
3 98
168184846 211207839
982205338 982205339
-908646062 -908646062
970405987 970405988
-284934414 955747429
-754682301 -576938405
-581821437 -581821436
720340320 878431186
-857357036 -318101798
800413554 800413554
121967025 121967026
543 736
414958944 706394012
615618451 990416257
-161716650 -161716650
-278 -202
-749114475 -236444534
-950 -444
-649111288 357058359
-795307414 -795307414
-806 -478
61382595 61382595
-955599892 -389866851
-627357947 500106253
953917313 953917314
-70 -16
-981113241 -981113241
333769011 333769012
-708166234 -708166233
384 634
