1000 1000
4 4 4 4 4 4 4 4 4 4 4 4 4 4 4 4 4 4 4 4 4 4 4 4 4 4 4 4 4 4 4 4 4 4 4 4 4 4 4 4 4 4 4 4 4 4 4 4 4 4 4 4 4 4 4 4 4 4 4 4 4 4 4 4 4 4 4 4 4 4 4 4 4 4 4 4 4 4 4 4 4 4 4 4 4 4 4 4 4 4 4 4 4 4 4 4 4 4 4 4 4 4 4 4 4 4 4 4 4 4 4 4 4 4 4 4 4 4 4 4 4 4 4 4 4 4 4 4 4 4 4 4 4 4 4 4 4 4 4 4 4 4 4 4 4 4 4 4 4 4 4 4 4 4 4 4 4 4 4 4 4 4 4 4 4 4 4 4 4 4 4 4 4 4 4 4 4 4 4 4 4 4 4 4 4 4 4 4 4 4 4 4 4 4 4 4 4 4 4 4 4 4 4 4 4 4 4 4 4 4 4 4 4 4 4 4 4 4 4 4 4 4 4 4 4 4 4 4 4 4 4 4 4 4 4 4 4 4 4 4 4 4 4 4 4 4 4 4 4 4 4 4 4 4 4 4 4 4 4 4 4 4 4 4 4 4 4 4 4 4 4 4 4 4 4 4 4 4 4 4 4 4 4 4 4 4 4 4 4 4 4 4 4 4 4 4 4 4 4 4 4 4 4 4 4 4 4 4 4 4 4 4 4 4 4 4 4 4 4 4 4 4 4 4 4 4 4 4 4 4 4 4 4 4 4 4 4 4 4 4 4 4 4 4 4 4 4 4 4 4 4 4 4 4 4 4 4 4 4 4 4 4 4 4 4 4 4 4 4 4 4 4 4 4 4 4 4 4 4 4 4 4 4 4 4 4 4 4 4 4 4 4 4 4 4 4 4 4 4 4 4 4 4 4 4 4 4 4 4 4 4 4 4 4 4 4 4 4 4 4 4 4 4 4 4 4 4 4 4 4 4 4 4 4 4 4 4 4 4 4 4 4 4 4 4 4 4 4 4 4 4 4 4 4 4 4 4 4 4 4 4 4 4 4 4 4 4 4 4 4 4 4 4 4 4 4 4 4 4 4 4 4 4 4 4 4 4 4 4 4 4 4 4 4 4 4 4 4 4 4 4 4 4 4 4 4 4 4 4 4 4 4 4 4 4 4 4 4 4 4 4 4 4 4 4 4 4 4 4 4 4 4 4 4 4 4 4 4 4 4 4 4 4 4 4 4 4 4 4 4 4 4 4 4 4 4 4 4 4 4 4 4 4 4 4 4 4 4 4 4 4 4 4 4 4 4 4 4 4 4 4 4 4 4 4 4 4 4 4 4 4 4 4 4 4 4 4 4 4 4 4 4 4 4 4 4 4 4 4 4 4 4 4 4 4 4 4 4 4 4 4 4 4 4 4 4 4 4 4 4 4 4 4 4 4 4 4 4 4 4 4 4 4 4 4 4 4 4 4 4 4 4 4 4 4 4 4 4 4 4 4 4 4 4 4 4 4 4 4 4 4 4 4 4 4 4 4 4 4 4 4 4 4 4 4 4 4 4 4 4 4 4 4 4 4 4 4 4 4 4 4 4 4 4 4 4 4 4 4 4 4 4 4 4 4 4 4 4 4 4 4 4 4 4 4 4 4 4 4 4 4 4 4 4 4 4 4 4 4 4 4 4 4 4 4 4 4 4 4 4 4 4 4 4 4 4 4 4 4 4 4 4 4 4 4 4 4 4 4 4 4 4 4 4 4 4 4 4 4 4 4 4 4 4 4 4 4 4 4 4 4 4 4 4 4 4 4 4 4 4 4 4 4 4 4 4 4 4 4 4 4 4 4 4 4 4 4 4 4 4 4 4 4 4 4 4 4 4 4 4 4 4 4 4 4 4 4 4 4 4 4 4 4 4 4 4 4 4 4 4 4 4 4 4 4 4 4 4 4 4 4 4 4 4 4 4 4 4 4 4 4 4 4 4 4 4 4 4 4 4 4 4 4 4 4 4 4 4 4 4 4 4 4 4 4 4 4 4 4 4 4 4 4 4 4 4 4 4 4 4 4 4 4 4 4 4 4 4 4 4 4 4 4 4 4 4 4 4 4 4 4 4 4 4 4 4 4 4 4 4 4 4 4 4 4 4 4 4 4 4 4 4 4 4 4 4 4 4 4 4 4 4 4 4 4 4 4 4 4 4 4 4 4 4 4 4 4 4 4 4 4 4 4 4 4 4 4 4 4 4 4 4 4 4 4 4 4 4 4 4 
310 719
342 507
-440572065 -440572064
-597 -263
354546311 354546312
687000163 956990793
-635672306 460879915
506563256 579721588
736433368 736433369
-898 -148
-260171053 973236296
87897428 87897429
-725397097 511734834
-583498982 -61447776
137625066 137625066
-2 41
-594619895 -185611724
251 961
479688525 482998762
120 162
133482027 171943853
-801271174 -801271173
391986991 391986991
36 85
558764918 558764919
-91 -16
143378615 143378616
-606624640 -606624640
-189567547 -189567546
8 55
-971786650 -971786650
204370009 629324231
467819235 467819235
-948333474 -123623665
-854 -577
733731543 891649570
-715320443 -488266602
695713950 695713950
-10 81
-581476353 -313346707
-405702736 -261023004
-744621826 -141938488
176776872 981916357
118 732
-868 -271
-798039429 -798039428
-678295375 -532129326
-843683882 789475973
-741929229 -339738702
-523 -455
233212270 442014120
-335 -253
-744228369 327165426
335919870 335919870
-979391740 -235326210
-489950982 -341190457
-665435181 -665435180
-719421654 -243575705
457590206 681172282
351366057 351366058
-406321102 -227580668
591860361 591860361
303 669
-48558719 855572395
650133426 650133427
178462115 732636340
-609 -157
560965663 560965664
-757789864 -175139505
-792382160 -792382159
523264194 894926590
166 919
595553681 595553681
-2633858 -2633857
-315 -146
394 690
-86 70
561514329 909602890
-811606115 -811606115
-678575665 875165231
-976021166 -958658237
161355532 161355532
461504305 461504305
777225497 777225498
-957936701 -186625497
-666639315 -227728847
464 734
-734 -214
130580220 982057543
-485816119 -411508241
730362208 730362208
424302567 424302568
-867225041 -867225041
-104620144 -104620143
275402180 982688304
-921 -439
-395536452 -395536451
-554 -534
496 787
-141516684 477818349
-584766272 151078876
885448058 885448059
803163591 937886748
214 273
-946 -504
510 527
-632739326 -542234530
-830901869 -611139007
941977933 950294841
-119194784 -119194783
632107337 632107337
680643217 680643217
-46 59
-600793240 -223109378
-454905430 574533287
-492329073 -14715412
-235514782 856858941
-944617683 -810650967
-40 3
-732 -520
101530310 101530311
224861160 828903872
-490806729 -490806728
744336448 744336449
18306435 18306436
128 896
424338441 424338442
5 93
-471562296 -471562296
-544657634 -137016156
-540472591 -479777783
-240165589 -240165588
258554947 597731704
7149545 7149546
-333199603 129388908
-752746277 -236781661
256609827 507198908
458801568 458801568
-973796248 557291778
-236090189 565030309
-815 -185
688077511 688077512
40689891 40689891
-207100573 -187447792
732 888
-529671255 -440586885
930464745 930464746
819505134 835607440
-614912418 -614912418
-903253225 253834459
176997293 176997294
-579594806 -579594805
-159345746 -159345746
865416957 865416958
-215840589 600886370
860436087 860436088
-488 -291
-156583936 960327567
-810 -466
-620678536 842017756
682584522 866905449
-733106554 -311257481
-750 -277
406137612 776676348
-976608972 -976608971
-13497822 -13497821
403 435
100557513 232914636
-743866081 -62535302
-768495295 162785545
-959430882 -959430882
-110994729 -110994729
39 65
-238503405 -238503405
-289 -205
401574667 518209239
-573 -440
-659220292 -146554687
-115726490 -115726489
-68 60
476 519
-335868074 231422077
440 701
-52 98
-72 93
300 386
609 622
-617899719 147802009
-8 84
193292190 681467141
451109672 451109673
-896 -121
-532322296 -231163592
269661584 999150195
-522584560 -457772361
-712198871 426015014
690763871 782175840
-693 -258
39435222 39435222
400741134 400741134
746649095 746649096
-386196370 -386196370
847813790 847813791
-736192352 -736192352
-173924391 -173924391
-731906228 -517429949
-780221340 -254998273
357397894 357397894
-589055323 -589055322
313589458 313589458
405475449 656495338
-81 15
-100064191 397512498
-167682281 -167682281
-96206950 913115808
350892154 889099908
204053908 271287433
-664 -525
-480 -405
251571449 337064094
500 718
-993747599 -202479641
-86 -19
732 744
690978573 843158171
631768714 677651039
-82 92
32399321 32399322
478433783 478433783
-880629918 775350817
-339282547 -122028405
-405 -109
627153672 627153673
-62408359 433133270
-43 100
192455525 975939837
-566632044 -566632043
73059803 73059803
338 484
-688788563 -241767345
-652039084 -652039083
-282 -169
366625259 366625260
333067331 472611893
-838488313 -325378105
-216999866 473867722
-82 27
184 283
380914507 380914508
-492059075 -463911960
-419927765 -419927765
487 942
-301750275 -301750274
-848 -338
-85233575 -85233574
-44 99
748789008 812830310
-266371581 -5403224
158313279 985687911
-132767798 -132767797
655241048 655241049
876 948
-424713698 -424713698
-941453174 -751700262
-100841870 123011834
-7 85
256183809 256183809
881394903 881394904
645 870
672344268 975477163
56918784 643698564
551701316 625799805
50163065 50163066
-79595649 -79595648
454633197 454633198
-462651699 12802431
223495929 223495929
181272813 181272813
-316915501 -316915501
-53 26
214 432
-692 -339
-693171911 -372998663
172172137 539930762
416990274 894331536
466276244 576078129
-920 -187
-902078828 -883758701
226089343 226089344
-725988051 -335709213
77495158 77495159
763491956 993333255
619703079 986749286
342158986 419523862
-962391351 437651262
-84 57
564 700
333439855 657508860
701964939 701964940
449941688 760864460
440685594 440685594
226605064 226605065
-670 -215
71 94
879454718 882407803
-254215407 -254215406
-501467116 -167661309
-63 15
-216595987 -216595986
107160209 107160209
-40 51
-976723141 475141201
-575 -427
775211038 775211038
672876924 863874839
-229830232 -229830231
-833 -677
-902 -637
544 620
-981064404 -981064403
-607400860 -122849402
467527252 467527252
-441310463 -441310463
-962210723 -428752883
823630791 823630791
896014247 896014248
-260047535 -260047535
-82 84
-971078986 192108441
996763387 996763388
-14135435 -14135435
642016865 911543452
-99 50
-829768010 -829768010
388 768
-81 -58
-83 -75
500232593 500232594
607814184 607814185
-926 -787
0 95
905303087 905303088
536 659
-841703517 -275678321
-69 -26
-403593684 250749013
-556369304 -556369304
484706157 509112420
664079845 810740704
-10264352 922611258
-270660714 -270660714
473606602 473606602
-401330619 -401330619
-670715010 307427547
248290296 825440342
-997 -695
-899 -673
-404551508 -404551507
272 292
454214541 454214541
-100 -64
2 84
319476752 319476752
344437674 763646836
-763266826 -680326719
712186625 891758158
-313654185 -184093893
436 831
446630615 492794542
298495570 687450417
-539267311 -469925068
-662331675 -529139936
657530803 819930736
-270492475 366294566
-689622088 201886608
493524311 493524312
421291641 421291642
112132905 112132905
-966774566 -850473774
314076964 522864553
199653269 199653269
292192365 490843241
651548192 651548192
-404931864 -351095629
-836626045 -124488060
325 855
400411439 459077248
787110371 787110371
-901992881 -611190985
-770 -653
-958596847 -958596847
-803636922 700966722
-698645980 -504459589
691560933 691560933
-687750096 -687750096
199 451
-626306626 -262203055
-282945601 714431993
-397950433 -397950433
-958570014 -958570013
564521111 564521112
-381299621 -381299621
394 594
-555372139 663434980
-922689709 -222974268
523858952 523858952
439311024 439311024
-278501774 -278501773
961298787 961298787
424096740 424096741
608623483 608623483
-657993026 -252159278
539757782 539757782
302 353
-533842209 -201134316
367570078 498249444
462626487 479576682
-223975853 -223975853
-175819972 -175819971
-8 39
339853615 339853615
-128254685 985746440
730 919
-628 -478
512 966
-440507212 -440507212
-563779966 -563779966
-687308287 -687308286
576674012 576674013
261284967 261284968
332420534 332420535
-40177321 -40177320
-47 55
401872694 401872694
513952517 728291718
-875434825 -289936116
-449022174 -306290931
-35579792 -35579792
-472043848 436600653
-29659341 -29659340
90042447 90042447
-746580539 819101465
343838253 463760642
-485327932 987664665
-965820715 130716875
-815698969 -815698969
-73089283 -73089283
781874704 781874705
32 38
-197862046 -155592597
415771569 509723201
202443491 743526063
-557169630 -376944237
-179 -129
463 649
-700744499 -690294792
149 284
-91000541 -91000540
-918079956 296459703
361033918 361033918
88 90
143301766 689495712
-668 -129
-725258897 -466977973
167130948 809782189
307578059 900673235
-786 -701
-245404745 -245404745
538013430 538013431
-92 -91
-296012055 -296012054
-680823142 -627359446
988968768 988968769
40 79
549674792 903162647
-124659698 -124659697
-345484781 -163671291
-312512899 -312512898
402803297 402803298
-857 -150
-380792012 868225116
-61 -57
-363348734 -120098837
-309170419 -309170419
-733477761 -30816755
-803943108 -456801723
-924 -386
-752258074 -752258074
431551695 510175262
947719109 947719110
-600520828 -543118284
127 933
-398009238 -398009238
-83972093 672451741
463272232 463272233
-745303270 521599819
-934290937 33447764
517835035 517835035
-334805685 980379449
-922453831 -922453830
-665540443 -426579662
-566727802 -566727802
366 812
-639 -466
-219824052 -141316835
347947922 347947923
-402871999 -402871999
-938 -255
-827296676 -710640140
-302074514 -302074513
814444665 814444666
-40 -38
598 811
-931732815 -290909866
38634487 38634488
-90 2
-637560261 -263036519
411333445 508494537
-557037968 -218027230
-561185494 -456950349
-823744567 -823744566
415 889
-908 -881
-642210074 -642210074
130 315
847387691 847387691
482692939 964621592
-888 -236
-594856133 -486197808
-882 -816
-602013699 775406899
39 39
-892206492 -892206491
-53 -48
-245577683 82886948
-991937607 -467936916
816814946 856983227
-488504287 -275819807
-8 12
-263560530 319775795
-50 47
-858810937 -694012137
497283796 917320758
798678738 798678739
265702625 698220328
-176569163 -176569163
-372895067 -372895066
139204989 612956623
249143051 460286693
-13878092 -13878092
61 70
990496461 990496461
-827565430 -827565430
466108949 466108949
-871 -162
412465713 412465713
48 79
-43 80
165 804
541 802
-83 -9
-157829624 -157829624
285 887
428533100 428533101
495830744 495830745
-21 72
-782 -548
-89 43
223 915
-822399984 -822399983
182090635 182090635
-85 -55
-320915219 -320915219
-685 -110
156 393
-275773606 -275773605
895306377 895306377
-748604597 -86062039
75204654 869038820
-776734318 680852194
-620489215 507391270
12154591 12154592
-385 -102
-38 3
-128558392 -128558392
310 975
-487320685 -44010950
745048024 745048024
268270073 709242537
583931253 781203818
413469665 413469666
-78 -31
705248414 705248414
377073363 377073363
-498381286 636170941
125518728 829080233
951799870 951799870
-930958761 -930958761
-18 24
-455432645 -382415848
-51 91
247356717 247356718
490786541 742741209
-967 -594
-209047840 -209047840
558692518 558692519
994705414 994705414
208485969 376205988
-991 -761
146776813 201181975
-155 -149
-720456352 -720456351
70839099 902979474
-68 42
-87278168 37284065
-868 -726
159042304 914091948
-992746344 818249029
-576978851 -363452694
-38801098 -38801097
-25 0
184 658
173065313 684228899
958920797 958920797
683113400 986726830
-482 -409
-417568516 -417568515
222 485
-769 -545
4325508 841509522
68044480 68044480
607 819
959774792 959774793
-535448520 -296612996
139 616
524433313 524433314
-511397868 -179046860
514261881 514261882
15546964 15546965
351 762
-71398171 -71398170
299 301
-865 -218
-866078632 -866078632
-42 64
-356606391 -126318516
-879 -855
-177904535 -45046037
554829971 856506298
880865849 880865850
-442 -116
-39 2
-940315555 -171755494
-18 13
347945622 767092581
-468219847 -468219846
-667786704 593784157
-389 -374
14871692 14871692
-958 -723
-567705332 -532213934
-539617587 -169074185
197608658 703506816
-252257319 -252257318
583 717
394 396
324330635 365118848
-787579491 -787579491
-979 -328
-958305130 -958305130
605 662
152894944 152894944
169976171 803628886
-46993699 -46993699
-440 -222
601401092 601401093
380 943
-704 -469
-583 -466
-5 71
-937 -189
-458 -292
668267213 668267214
-819 -170
-650904976 -650904975
-934860858 -415270798
33598592 33598592
-217949397 -217949397
436675091 436675091
772 829
1733694 1733694
621566220 676041134
41 97
-717530327 -100353398
512 759
174239041 600832604
-813 -552
725779455 725779456
-978851346 -947932016
3 37
-28 -13
-34 74
-334027288 -334027288
487756938 487756939
-570487543 -570487543
953216328 993209599
-375924559 -375924558
-485 -305
-275621399 -218853122
-753 -210
499 849
-475853591 -207302671
-707817347 856839770
-89 87
-578520765 -346673456
-653247297 -653247296
636932629 873452777
-563465615 -563465615
-343657582 -343657582
224915423 528916803
189877824 371137648
558156191 558156191
918360230 918360230
-205319680 -205319679
-576 -292
475830209 475830209
253 616
-60695514 599931004
684764840 975911676
-514742816 -514742815
-585914123 873265854
-782353590 -782353590
-298808656 -298808656
-755802241 -746865279
236 972
-889569131 -771794488
-458489281 -458489281
697334094 838250032
983528682 983528683
-47 45
944529351 944529351
145 625
198423866 297385464
80834337 80834338
525 749
-973836386 -215036502
17464170 17464170
412 562
-519965882 -519965882
757064705 757064705
-145330542 -145330541
-33 -2
-78 -21
-963321500 841183534
-853 -325
111 610
-47 -37
-770961692 -545739125
-364 -215
498 717
-527 -463
-107390579 -107390578
456404906 552211914
-864879099 -546751934
-862484115 -862484115
207715617 207715617
542 580
304921003 973236343
435 801
-353994652 -31627406
-616869708 -616869708
-993602944 -993602944
-440553204 -440553204
-19 37
-417875822 82789135
-330940593 -330940593
709706026 750050210
447244431 714435092
-51 -40
730740735 730740736
648382072 648382072
452008453 492100627
-20 14
-998 -249
-671286854 -671286853
-52571578 287285789
448440688 448440689
-132042924 -132042924
-791058116 -364380314
676827976 676827976
-702053098 601739314
791 933
-14 99
414730368 414730369
-232598746 -144082237
-680331572 649164189
-644622686 -644622686
726726476 726726477
817750227 817750228
409894025 569641403
288822936 987776562
-985715457 -307924105
-671980759 -560541966
-917112641 -231189608
-753460962 -110712318
-764297443 -411515114
426943055 429165869
-205164939 -205164938
819 840
-77575914 -77575913
13 93
-220904061 -220904060
76 77
167292080 167292081
326843602 326843603
478250020 478250021
26818221 26818222
334819706 872146434
-887870361 -654771464
-193005434 324846856
-811 -189
-930741963 -395487010
-918 -175
13358529 282759909
-483 -236
690042252 690042253
-604825092 -559608849
282061161 792381524
-96 -94
-990 -142
45974403 45974403
-836467352 -836467352
-54 51
-917197812 -657749932
938014142 938014142
707749717 885342490
952031814 952031814
623265446 623265446
358 646
-956855781 -269152776
-635 -230
-42 9
-278495980 -278495979
-316405332 -316405331
-536286758 -520512838
-241427662 -241427661
274828248 274828248
394259995 394259995
-915 -366
-576 -387
-576629186 -133835457
-37 72
202 391
-88 -11
514204385 514204385
292 307
174709922 387892160
-221870716 385641092
970525433 987173589
-316964561 -316964561
782799141 873739940
346 785
-767 -586
-220258853 684099032
408 678
-909009047 -626911794
261000303 653473464
437587718 437587719
502183768 627069059
409 585
-535023099 779499089
-727692506 -165895557
215687238 385758452
-553279028 -553279028
95169263 416631335
-742883229 -742883229
130 787
-35 69
-852529849 -748438396
490 862
-680084909 -537337987
-695566575 -289541448
7 79
-22 62
-1000000000 1000000000
-972600810 -972600810
516 786
101596278 715529462
-576008832 -206675743
-751 -425
768968829 768968830
767906099 895025242
478748749 478748749
932363359 932363360
-929 -642
-91 -3
80892800 706978064
-613351342 342616584
566022644 566022644
-912467281 -841283397
800633486 852265200
342697999 656011074
711886708 711886709
-35 19
-687 -284
-884 -710
-878991504 -241250387
293 319
584 871
432258742 534943265
681 810
-455205560 -455205559
-554019092 -336828712
-415631152 915313268
-102634292 -102634292
541 952
145976701 611967585
239692082 355117899
-330471552 -259521246
-930 -771
-927204672 -273560979
19 70
-257 -194
-778863009 -380818601
684 830
-984 -144
-576 -355
-135588616 -135588616
802 810
909 989
574385786 574385787
-281036269 898561502
142632519 142632520
318 884
-47659239 -47659239
-269567307 -269567306
-36 60
-794641030 -546307167
-632932641 -329517073
548775176 936938295
-83 56
217 940
-993823062 -702616475
477 508
-12813864 -12813864
239118572 670109928
30 58
-950 -807
860711698 860711699
-34 12
-37 23
-793233477 -793233476
611979710 681847049
354853835 661603099
-878 -695
-843 -666
-806002972 -684499724
-1 48
-811066176 -54644536
-353254743 176688765
447684410 609246541
-600551759 279299967
944413303 944413304
-868245204 -868245204
161 418
-718138283 -186261293
-909944406 -909944406
682046080 682046081
-606 -220
626782649 765958230
-801 -222
499 992
-584252671 -332447928
-44 78
283 440
-758273579 -194563739
667816925 667816925
966850903 966850903
462348442 487431401
399 775
-78 20
-666553786 -666553786
-766023397 -708327821
118255002 693878916
-431738878 -431738878
570056663 570056664
-87 2
347858501 347858502
695 750
-2 38
-690 -687
-116859634 -116859633
-486673224 -387721599
-220568998 -220568997
-889 -573
-972572107 721939025
-499130079 -499130078
-817089302 -484874167
863504316 864460126
-544018330 50937906
